0.000620880 1 1 0 B
0.033182491 1 1 1 B
0.308969982 1 1 3 B
0.308970346 1 1 2 B
0.310130005 1 1 4 B
0.323889092 1 1 5 B
0.345130740 1 1 6 B
0.345131137 1 1 0 B
0.384134261 1 1 1 B
0.806767789 1 1 3 B
0.806767921 1 1 2 B
0.808085078 1 1 4 B
0.851662646 1 1 5 B
0.887907044 1 1 6 B
0.887907276 1 1 0 B
0.927898845 1 1 1 B
1.424226910 1 1 3 B
1.424236598 1 1 2 B
1.426607311 1 1 4 B
1.460406952 1 1 5 B
1.481574583 1 1 6 B
1.481574858 1 1 0 B
1.519006037 1 1 1 B
2.043877405 1 1 3 B
2.043877493 1 1 2 B
2.045121597 1 1 4 B
2.061159850 1 1 5 B
2.098396228 1 1 6 B
2.098396580 1 1 0 B
2.128307936 1 1 1 B
2.651976068 1 1 3 B
2.651976145 1 1 2 B
2.653290209 1 1 4 B
2.667130917 1 1 5 B
2.699866396 1 1 6 B
2.699866616 1 1 0 B
2.732916402 1 1 1 B
3.275375742 1 1 3 B
3.275375808 1 1 2 B
3.276626538 1 1 4 B
3.319307445 1 1 5 B
3.344076733 1 1 6 B
3.344076998 1 1 0 B
3.390040844 1 1 1 B
3.778017509 1 1 3 B
3.778017697 1 1 2 B
3.779291847 1 1 4 B
3.800286528 1 1 5 B
3.829079034 1 1 6 B
3.829079408 1 1 0 B
3.846510143 1 1 1 B
4.375962327 1 1 3 B
4.375962426 1 1 2 B
4.377209702 1 1 4 B
4.409663615 1 1 5 B
4.427159564 1 1 6 B
4.427159939 1 1 0 B
4.476139248 1 1 1 B
4.902539720 1 1 3 B
4.902539918 1 1 2 B
4.903827112 1 1 4 B
4.926165959 1 1 5 B
4.974970431 1 1 6 B
4.974970696 1 1 0 B
4.993659132 1 1 1 B
5.595838487 1 1 3 B
5.595838564 1 1 2 B
5.597134778 1 1 4 B
5.632452962 1 1 5 B
5.674851154 1 1 6 B
5.674851639 1 1 0 B
5.705755596 1 1 1 B
6.193546493 1 1 3 B
6.193546779 1 1 2 B
6.194790341 1 1 4 B
6.244772649 1 1 5 B
6.263453862 1 1 6 B
6.263454204 1 1 0 B
6.298527489 1 1 1 B
6.733809076 1 1 3 B
6.733809396 1 1 2 B
6.735035290 1 1 4 B
6.763725518 1 1 5 B
6.778723274 1 1 6 B
6.778723627 1 1 0 B
0.000600403 7 7 0 H
0.016173111 7 7 1 H
0.026334321 7 7 3 H
0.026334685 7 7 2 H
0.027506430 7 7 4 H
0.048361390 7 7 5 H
0.065101188 7 7 6 H
0.065101386 7 7 0 H
0.082777219 7 7 1 H
0.308970963 7 7 3 H
0.308971029 7 7 2 H
0.310130380 7 7 4 H
0.486727019 7 7 5 H
0.524342410 7 7 6 H
0.524342807 7 7 0 H
0.567662766 7 7 1 H
0.806731717 7 7 3 H
0.806759612 7 7 2 H
0.808081948 7 7 4 H
1.044285481 7 7 5 H
1.084627017 7 7 6 H
1.084627469 7 7 0 H
1.108406954 7 7 1 H
1.424258342 7 7 3 H
1.424258397 7 7 2 H
1.426604380 7 7 4 H
1.676664525 7 7 5 H
1.705201879 7 7 6 H
1.705202309 7 7 0 H
1.716910891 7 7 1 H
2.043875664 7 7 3 H
2.043875829 7 7 2 H
2.045085944 7 7 4 H
2.304428138 7 7 5 H
2.315856609 7 7 6 H
2.315857215 7 7 0 H
2.327280780 7 7 1 H
2.651977457 7 7 3 H
2.651978294 7 7 2 H
2.653253822 7 7 4 H
2.880952245 7 7 5 H
2.924729135 7 7 6 H
2.924729797 7 7 0 H
2.949677630 7 7 1 H
3.275372468 7 7 3 H
3.275372744 7 7 2 H
3.276624169 7 7 4 H
3.462534122 7 7 5 H
3.480302958 7 7 6 H
3.480303310 7 7 0 H
3.527478132 7 7 1 H
3.778014467 7 7 3 H
3.778014864 7 7 2 H
3.779236317 7 7 4 H
3.991088823 7 7 5 H
4.013540541 7 7 6 H
4.013541092 7 7 0 H
4.061259570 7 7 1 H
4.377199143 7 7 3 H
4.377199507 7 7 4 H
4.570277676 7 7 5 H
4.603935305 7 7 6 H
4.603935657 7 7 0 H
4.644320026 7 7 1 H
4.903718617 7 7 3 H
4.903718805 7 7 2 H
4.905023486 7 7 4 H
5.174123297 7 7 5 H
5.220399438 7 7 6 H
5.220399769 7 7 0 H
5.261644659 7 7 1 H
5.597076951 7 7 3 H
5.597077149 7 7 4 H
5.824506591 7 7 5 H
5.839496902 7 7 6 H
5.839497266 7 7 0 H
5.864505153 7 7 1 H
6.193535119 7 7 3 H
6.193535439 7 7 2 H
6.194783960 7 7 4 H
6.403592819 7 7 5 H
6.442275355 7 7 6 H
6.442275696 7 7 0 H
6.477435908 7 7 1 H
6.734976082 7 7 3 H
6.734976137 7 7 2 H
6.736208330 7 7 4 H
6.922185259 7 7 5 H
6.944658144 7 7 6 H
6.944658387 7 7 0 H
0.000551940 9 9 0 J
0.013459517 9 9 1 J
0.026324281 9 9 3 J
0.026324920 9 9 2 J
0.027505482 9 9 4 J
0.065106522 9 9 5 J
0.086561808 9 9 6 J
0.086562128 9 9 0 J
0.116528742 9 9 1 J
0.308964119 9 9 3 J
0.308964340 9 9 2 J
0.310128936 9 9 4 J
0.571400685 9 9 5 J
0.602509474 9 9 6 J
0.602509838 9 9 0 J
0.647813153 9 9 1 J
0.806776782 9 9 3 J
0.806777102 9 9 2 J
0.808087083 9 9 4 J
1.117216241 9 9 5 J
1.134879941 9 9 6 J
1.134880349 9 9 0 J
1.147362138 9 9 1 J
1.424238714 9 9 3 J
1.424238901 9 9 2 J
1.426607873 9 9 4 J
1.727321673 9 9 5 J
1.752076139 9 9 6 J
1.752076701 9 9 0 J
1.771653318 9 9 1 J
2.043878166 9 9 3 J
2.043878243 9 9 2 J
2.045115458 9 9 4 J
2.354683190 9 9 5 J
2.372313656 9 9 6 J
2.372314328 9 9 0 J
2.387239786 9 9 1 J
2.651980157 9 9 3 J
2.651980333 9 9 4 J
2.943468623 9 9 5 J
2.972103843 9 9 6 J
2.972104284 9 9 0 J
2.993394357 9 9 1 J
3.275374089 9 9 3 J
3.275374265 9 9 2 J
3.276625458 9 9 4 J
3.516248206 9 9 5 J
3.561124982 9 9 6 J
3.561125567 9 9 0 J
3.601605957 9 9 1 J
3.779172871 9 9 3 J
3.779172960 9 9 2 J
3.780490571 9 9 4 J
4.056138049 9 9 5 J
4.103669318 9 9 6 J
4.103669747 9 9 0 J
4.152537309 9 9 1 J
4.375960916 9 9 3 J
4.375960960 9 9 2 J
4.377208522 9 9 4 J
4.641837081 9 9 5 J
4.666715361 9 9 6 J
4.666715802 9 9 0 J
4.701616314 9 9 1 J
4.902545528 9 9 3 J
4.902545594 9 9 2 J
4.904960399 9 9 4 J
5.261649563 9 9 5 J
5.302232206 9 9 6 J
5.302232514 9 9 0 J
5.322383588 9 9 1 J
5.595829483 9 9 3 J
5.595829769 9 9 2 J
5.597078053 9 9 4 J
5.885576561 9 9 5 J
5.914477234 9 9 6 J
5.914477852 9 9 0 J
5.927204596 9 9 1 J
6.193544112 9 9 3 J
6.193544299 9 9 2 J
6.194788820 9 9 4 J
6.458626347 9 9 5 J
6.496140096 9 9 6 J
6.496140591 9 9 0 J
6.519977865 9 9 1 J
6.733807511 9 9 3 J
6.733808217 9 9 2 J
6.735034739 9 9 4 J
6.979979777 9 9 5 J
7.028650481 9 9 6 J
7.028650899 9 9 0 J
7.054825162 9 9 1 J
7.261436209 9 9 3 J
7.261436286 9 9 2 J
7.262658677 9 9 4 J
7.453979203 9 9 5 J
7.486193336 9 9 6 J
7.486193854 9 9 0 J
0.000431429 14 14 0 O
0.021152773 14 14 1 O
0.026251318 14 14 3 O
0.026252321 14 14 2 O
0.027469311 14 14 4 O
0.162683261 14 14 5 O
0.197761377 14 14 6 O
0.197761531 14 14 0 O
0.236494638 14 14 1 O
0.308977367 14 14 3 O
0.308977444 14 14 2 O
0.310132793 14 14 4 O
0.678743855 14 14 5 O
0.716447317 14 14 6 O
0.716447658 14 14 0 O
0.753985836 14 14 1 O
0.806765993 14 14 3 O
0.806766334 14 14 2 O
0.808084086 14 14 4 O
1.261652915 14 14 5 O
1.279149778 14 14 6 O
1.279150307 14 14 0 O
1.314308292 14 14 1 O
1.425363899 14 14 3 O
1.425364042 14 14 2 O
1.426604721 14 14 4 O
1.910771826 14 14 5 O
1.921980264 14 14 6 O
1.921980396 14 14 0 O
1.967220735 14 14 1 O
2.043880105 14 14 3 O
2.043880171 14 14 2 O
2.045122710 14 14 4 O
2.505084729 14 14 5 O
2.523686378 14 14 6 O
2.523686753 14 14 0 O
2.564868589 14 14 1 O
2.651973026 14 14 3 O
2.651973181 14 14 2 O
2.653252400 14 14 4 O
3.109615936 14 14 5 O
3.158842835 14 14 6 O
3.158843199 14 14 0 O
3.207537052 14 14 1 O
3.275374992 14 14 3 O
3.275375169 14 14 2 O
3.276625745 14 14 4 O
3.665549746 14 14 5 O
3.698136590 14 14 6 O
3.698137075 14 14 0 O
3.714586783 14 14 1 O
3.779175109 14 14 3 O
3.779175219 14 14 2 O
3.780491706 14 14 4 O
4.225492260 14 14 5 O
4.243036388 14 14 6 O
4.243036674 14 14 0 O
4.282638033 14 14 1 O
4.377135653 14 14 3 O
4.377135940 14 14 2 O
4.378370514 14 14 4 O
4.774885818 14 14 5 O
4.805334581 14 14 6 O
4.805335264 14 14 0 O
4.848936082 14 14 1 O
4.903721053 14 14 3 O
4.903721152 14 14 2 O
4.905038430 14 14 4 O
5.434159093 14 14 5 O
5.447988015 14 14 6 O
5.447988423 14 14 0 O
5.474281790 14 14 1 O
5.595836084 14 14 3 O
5.595836249 14 14 2 O
5.597106983 14 14 4 O
6.079815472 14 14 5 O
6.107596578 14 14 6 O
6.107596909 14 14 0 O
6.138771955 14 14 1 O
6.193544939 14 14 3 O
6.193545115 14 14 2 O
6.194789382 14 14 4 O
6.620279379 14 14 5 O
6.640290913 14 14 6 O
6.640291254 14 14 0 O
6.659123181 14 14 1 O
6.733811920 14 14 3 O
6.733811997 14 14 2 O
6.735036392 14 14 4 O
7.152618420 14 14 5 O
7.179020530 14 14 6 O
7.179020838 14 14 0 O
7.224140881 14 14 1 O
7.261440023 14 14 3 O
7.261440177 14 14 2 O
7.262653001 14 14 4 O
7.606304904 14 14 5 O
7.643633190 14 14 6 O
7.643633631 14 14 0 O
0.000578835 6 6 0 G
0.045817570 6 6 1 G
0.308982139 6 6 3 G
0.308982359 6 6 2 G
0.310126930 6 6 4 G
0.466261210 6 6 5 G
0.486720902 6 6 6 G
0.486721123 6 6 0 G
0.511737371 6 6 1 G
0.806776330 6 6 3 G
0.806776386 6 6 2 G
0.808086731 6 6 4 G
1.008080680 6 6 5 G
1.044281271 6 6 6 G
1.044281833 6 6 0 G
1.070903178 6 6 1 G
1.424237380 6 6 3 G
1.424238085 6 6 2 G
1.426607598 6 6 4 G
1.635441182 6 6 5 G
1.675539579 6 6 6 G
1.675539921 6 6 0 G
1.725846185 6 6 1 G
2.043882651 6 6 3 G
2.043882706 6 6 2 G
2.045113452 6 6 4 G
2.253732197 6 6 5 G
2.304370390 6 6 6 G
2.304370644 6 6 0 G
2.317193282 6 6 1 G
2.651971241 6 6 3 G
2.651971329 6 6 2 G
2.653246217 6 6 4 G
2.852010175 6 6 5 G
2.879829003 6 6 6 G
2.879829709 6 6 0 G
2.908586878 6 6 1 G
3.275369206 6 6 3 G
3.275369250 6 6 2 G
3.276621513 6 6 4 G
3.447524886 6 6 5 G
3.462528017 6 6 6 G
3.462528281 6 6 0 G
3.476387170 6 6 1 G
3.778013542 6 6 3 G
3.778013707 6 6 2 G
3.779235932 6 6 4 G
3.957729798 6 6 5 G
3.991084261 6 6 6 G
3.991084735 6 6 0 G
4.025000060 6 6 1 G
4.377136700 6 6 3 G
4.377136810 6 6 2 G
4.378368805 6 6 4 G
4.532566820 6 6 5 G
4.569108386 6 6 6 G
4.569108893 6 6 0 G
4.587823918 6 6 1 G
4.902543864 6 6 3 G
4.902543952 6 6 2 G
4.903852757 6 6 4 G
5.130343886 6 6 5 G
5.174118338 6 6 6 G
5.174118701 6 6 0 G
5.191649642 6 6 1 G
5.595831455 6 6 3 G
5.595831907 6 6 2 G
5.597078869 6 6 4 G
5.803309637 6 6 5 G
5.824502028 6 6 6 G
5.824502315 6 6 0 G
5.871969414 6 6 1 G
6.193547330 6 6 3 G
6.193547540 6 6 2 G
6.194790969 6 6 4 G
6.383495022 6 6 5 G
6.403590990 6 6 6 G
6.403591232 6 6 0 G
6.436066943 6 6 1 G
6.734975465 6 6 3 G
6.734975520 6 6 2 G
6.736207923 6 6 4 G
6.890508972 6 6 5 G
6.921008128 6 6 6 G
6.921008371 6 6 0 G
6.959876410 6 6 1 G
7.261439416 6 6 3 G
7.261439494 6 6 2 G
7.262659889 6 6 4 G
7.403635783 6 6 5 G
7.439205821 6 6 6 G
7.439206064 6 6 0 G
7.461134242 6 6 1 G
7.740783526 6 6 3 G
7.740783779 6 6 2 G
7.742020359 6 6 4 G
7.882275371 6 6 5 G
7.929493709 6 6 6 G
7.929494039 6 6 0 G
0.000642569 12 12 0 M
0.047245518 12 12 1 M
0.308980419 12 12 3 M
0.308980607 12 12 2 M
0.310133642 12 12 4 M
0.643813216 12 12 5 M
0.664987701 12 12 6 M
0.664988043 12 12 0 M
0.682565324 12 12 1 M
0.806760427 12 12 3 M
0.806760637 12 12 2 M
0.808082333 12 12 4 M
1.197169970 12 12 5 M
1.246842704 12 12 6 M
1.246842991 12 12 0 M
1.264283258 12 12 1 M
1.424242450 12 12 3 M
1.424256193 12 12 2 M
1.426609086 12 12 4 M
1.826017234 12 12 5 M
1.874130724 12 12 6 M
1.874131065 12 12 0 M
1.900689566 12 12 1 M
2.043880755 12 12 3 M
2.043880833 12 12 2 M
2.045150635 12 12 4 M
2.433260225 12 12 5 M
2.472783680 12 12 6 M
2.472784143 12 12 0 M
2.484005932 12 12 1 M
2.651975021 12 12 3 M
2.651975098 12 12 2 M
2.653257139 12 12 4 M
3.047333818 12 12 5 M
3.069567375 12 12 6 M
3.069567827 12 12 0 M
3.095791967 12 12 1 M
3.275414469 12 12 3 M
3.275414865 12 12 2 M
3.276680260 12 12 4 M
3.630421857 12 12 5 M
3.644248288 12 12 6 M
3.644248630 12 12 0 M
3.686824503 12 12 1 M
3.779174249 12 12 3 M
3.779174425 12 12 2 M
3.780491398 12 12 4 M
4.170119829 12 12 5 M
4.182641857 12 12 6 M
4.182641979 12 12 0 M
4.194020530 12 12 1 M
4.375961456 12 12 3 M
4.375961742 12 12 2 M
4.377208820 12 12 4 M
4.730070019 12 12 5 M
4.748657329 12 12 6 M
4.748657594 12 12 0 M
4.779788545 12 12 1 M
4.902537306 12 12 3 M
4.902537505 12 12 2 M
4.903825888 12 12 4 M
5.376707465 12 12 5 M
5.387846412 12 12 6 M
5.387846753 12 12 0 M
5.401526628 12 12 1 M
5.595839159 12 12 3 M
5.595839335 12 12 2 M
5.597139991 12 12 4 M
6.002791687 12 12 5 M
6.036356799 12 12 6 M
6.036357207 12 12 0 M
6.069895680 12 12 1 M
6.194714073 12 12 3 M
6.194714491 12 12 2 M
6.195994037 12 12 4 M
6.571315759 12 12 5 M
6.599944753 12 12 6 M
6.599945205 12 12 0 M
6.632810302 12 12 1 M
6.733813562 12 12 3 M
6.733813881 12 12 2 M
6.735037274 12 12 4 M
7.101059572 12 12 5 M
7.122741556 12 12 6 M
7.122742107 12 12 0 M
7.158877785 12 12 1 M
7.262600278 12 12 3 M
7.262600565 12 12 2 M
7.263846281 12 12 4 M
7.521311995 12 12 5 M
7.562161771 12 12 6 M
7.562162101 12 12 0 M
7.593550912 12 12 1 M
7.740785686 12 12 3 M
7.740785741 12 12 2 M
7.742021759 12 12 4 M
8.029075930 12 12 5 M
8.059720400 12 12 6 M
8.059721105 12 12 0 M
0.001086137 11 11 0 L
0.013435007 11 11 1 L
0.026342528 11 11 3 L
0.026343300 11 11 4 L
0.087829423 11 11 5 L
0.137942219 11 11 6 L
0.137942494 11 11 0 L
0.185170635 11 11 1 L
0.308972594 11 11 3 L
0.308973311 11 11 2 L
0.310131074 11 11 4 L
0.625081032 11 11 5 L
0.643809183 11 11 6 L
0.643809392 11 11 0 L
0.657624608 11 11 1 L
0.806761364 11 11 3 L
0.806761518 11 11 2 L
0.808082719 11 11 4 L
1.174717457 11 11 5 L
1.197162839 11 11 6 L
1.197163181 11 11 0 L
1.218277202 11 11 1 L
1.424257493 11 11 3 L
1.424257670 11 11 2 L
1.426602914 11 11 4 L
1.788319736 11 11 5 L
1.824733256 11 11 6 L
1.824733488 11 11 0 L
1.870093187 11 11 1 L
2.045021151 11 11 3 L
2.045021372 11 11 2 L
2.046254028 11 11 4 L
2.410841471 11 11 5 L
2.432134449 11 11 6 L
2.432134857 11 11 0 L
2.469948563 11 11 1 L
2.651969588 11 11 3 L
2.651969896 11 11 2 L
2.653245204 11 11 4 L
2.995904524 11 11 5 L
3.046142045 11 11 6 L
3.046142276 11 11 0 L
3.085844171 11 11 1 L
3.276620300 11 11 3 L
3.276620521 11 11 4 L
3.586262069 11 11 5 L
3.630415443 11 11 6 L
3.630415905 11 11 0 L
3.664180904 11 11 1 L
3.779230851 11 11 3 L
3.779231204 11 11 4 L
4.119943832 11 11 5 L
4.168999567 11 11 6 L
4.168999920 11 11 0 L
4.180232920 11 11 1 L
4.375963032 11 11 3 L
4.375963296 11 11 2 L
4.378431210 11 11 4 L
4.710173986 11 11 5 L
4.730065787 11 11 6 L
4.730066008 11 11 0 L
4.757350273 11 11 1 L
4.902540601 11 11 3 L
4.902540690 11 11 2 L
4.903827585 11 11 4 L
5.324853959 11 11 5 L
5.375552062 11 11 6 L
5.375552415 11 11 0 L
5.407799644 11 11 1 L
5.595833252 11 11 3 L
5.595833538 11 11 2 L
5.597100867 11 11 4 L
5.955378910 11 11 5 L
6.002787146 11 11 6 L
6.002787477 11 11 0 L
6.051382532 11 11 1 L
6.193548058 11 11 3 L
6.193548234 11 11 2 L
6.196052494 11 11 4 L
6.530145294 11 11 5 L
6.571313786 11 11 6 L
6.571314238 11 11 0 L
6.602420866 11 11 1 L
6.734974837 11 11 3 L
6.734974925 11 11 2 L
6.736207669 11 11 4 L
7.071014554 11 11 5 L
7.099890136 11 11 6 L
7.099890621 11 11 0 L
7.111378832 11 11 1 L
7.261429586 11 11 3 L
7.261429784 11 11 2 L
7.262654930 11 11 4 L
7.505204247 11 11 5 L
7.521306066 11 11 6 L
7.521306507 11 11 0 L
7.537501056 11 11 1 L
7.740791846 11 11 3 L
7.740791924 11 11 2 L
7.742025947 11 11 4 L
8.016458015 11 11 5 L
8.029073494 11 11 6 L
8.029073759 11 11 0 L
8.061103495 11 11 1 L
8.177302465 11 11 3 L
8.177302686 11 11 4 L
8.369726480 11 11 5 L
8.417303558 11 11 6 L
8.417304484 11 11 0 L
0.000490729 13 13 0 N
0.018439626 13 13 1 N
0.026254151 13 13 3 N
0.026254250 13 13 2 N
0.027521659 13 13 4 N
0.139115203 13 13 5 N
0.162681630 13 13 6 N
0.162681850 13 13 0 N
0.176362092 13 13 1 N
0.308966445 13 13 3 N
0.308966643 13 13 2 N
0.310129244 13 13 4 N
0.664990633 13 13 5 N
0.678739975 13 13 6 N
0.678740207 13 13 0 N
0.692800951 13 13 1 N
0.806769376 13 13 3 N
0.806773829 13 13 2 N
0.808085915 13 13 4 N
1.246848612 13 13 5 N
1.261647680 13 13 6 N
1.261648088 13 13 0 N
1.280574794 13 13 1 N
1.424263361 13 13 3 N
1.424263615 13 13 2 N
1.426655373 13 13 4 N
1.874134096 13 13 5 N
1.910765290 13 13 6 N
1.910765621 13 13 0 N
1.942149691 13 13 1 N
2.043885660 13 13 3 N
2.043885715 13 13 2 N
2.046316929 13 13 4 N
2.473968544 13 13 5 N
2.505080718 13 13 6 N
2.505081070 13 13 0 N
2.548549651 13 13 1 N
2.651970425 13 13 3 N
2.651970767 13 13 2 N
2.653245600 13 13 4 N
3.069572467 13 13 5 N
3.108433787 13 13 6 N
3.108434140 13 13 0 N
3.122471112 13 13 1 N
3.275370881 13 13 3 N
3.275371069 13 13 2 N
3.276622549 13 13 4 N
3.644253160 13 13 5 N
3.665543949 13 13 6 N
3.665544324 13 13 0 N
3.710453449 13 13 1 N
3.779171968 13 13 3 N
3.779172166 13 13 2 N
3.780490141 13 13 4 N
4.182645362 13 13 5 N
4.224296172 13 13 6 N
4.224296888 13 13 0 N
4.243038900 13 13 1 N
4.377133074 13 13 3 N
4.377133361 13 13 2 N
4.378369863 13 13 4 N
4.748703502 13 13 5 N
4.773631685 13 13 6 N
4.773631961 13 13 0 N
4.790260312 13 13 1 N
4.903720094 13 13 3 N
4.903720447 13 13 2 N
4.905024368 13 13 4 N
5.387848968 13 13 5 N
5.434102442 13 13 6 N
5.434102762 13 13 0 N
5.455610500 13 13 1 N
5.595836867 13 13 3 N
5.595837186 13 13 2 N
5.597107281 13 13 4 N
6.037519459 13 13 5 N
6.078687645 13 13 6 N
6.078688064 13 13 0 N
6.101187924 13 13 1 N
6.193543043 13 13 3 N
6.193543451 13 13 2 N
6.194788258 13 13 4 N
6.599946803 13 13 5 N
6.620274795 13 13 6 N
6.620275169 13 13 0 N
6.659125782 13 13 1 N
6.733812669 13 13 3 N
6.733812945 13 13 2 N
6.735036734 13 13 4 N
7.123858540 13 13 5 N
7.152613902 13 13 6 N
7.152614320 13 13 0 N
7.179019251 13 13 1 N
7.261430456 13 13 3 N
7.261430776 13 13 2 N
7.262655293 13 13 4 N
7.562164713 13 13 5 N
7.604983459 13 13 6 N
7.604983921 13 13 0 N
7.643695353 13 13 1 N
7.740792585 13 13 3 N
7.740792772 13 13 2 N
7.742026431 13 13 4 N
8.061105677 13 13 5 N
8.083837032 13 13 6 N
8.083837363 13 13 0 N
8.132522685 13 13 1 N
8.176079828 13 13 3 N
8.176080313 13 13 2 N
8.177303567 13 13 4 N
8.417365884 13 13 5 N
8.443607019 13 13 6 N
8.443607493 13 13 0 N
8.461324216 13 13 1 N
8.477413129 13 13 3 N
8.477413404 13 13 4 N
8.659691283 13 13 5 N
8.673550480 13 13 6 N
8.673550811 13 13 0 N
0.000498448 0 0 0 A
0.030256027 0 0 1 A
0.308982976 0 0 3 A
0.308983648 0 0 4 A
0.308983726 0 0 5 A
0.322656319 0 0 6 A
0.322656694 0 0 0 A
0.368994019 0 0 1 A
0.806777785 0 0 3 A
0.806778535 0 0 2 A
0.808087381 0 0 4 A
0.808087447 0 0 5 A
0.850336326 0 0 6 A
0.850336657 0 0 0 A
0.887853487 0 0 1 A
1.424225081 0 0 3 A
1.424225158 0 0 2 A
1.426606165 0 0 4 A
1.426606220 0 0 5 A
1.460404891 0 0 6 A
1.460405409 0 0 0 A
1.482824795 0 0 1 A
2.043869272 0 0 3 A
2.043869349 0 0 2 A
2.045083718 0 0 4 A
2.045083773 0 0 5 A
2.061097523 0 0 6 A
2.061097920 0 0 0 A
2.079602925 0 0 1 A
2.651967075 0 0 3 A
2.651967328 0 0 2 A
2.653223404 0 0 4 A
2.653223547 0 0 5 A
2.666004412 0 0 6 A
2.666004820 0 0 0 A
2.706329100 0 0 1 A
3.275371719 0 0 3 A
3.275372028 0 0 2 A
3.276622879 0 0 4 A
3.276622945 0 0 5 A
3.318184090 0 0 6 A
3.318184399 0 0 0 A
3.367649806 0 0 1 A
3.778015636 0 0 3 A
3.778015801 0 0 2 A
3.779236725 0 0 4 A
3.779236802 0 0 5 A
3.799154849 0 0 6 A
3.799155114 0 0 0 A
3.812874722 0 0 1 A
4.375957852 0 0 3 A
4.375958039 0 0 2 A
4.377205337 0 0 4 A
4.377205425 0 0 5 A
4.409658138 0 0 6 A
4.409658766 0 0 0 A
4.431011859 0 0 1 A
4.902542982 0 0 3 A
4.902543191 0 0 2 A
4.903881065 0 0 4 A
4.903881230 0 0 5 A
4.924985392 0 0 6 A
4.924985723 0 0 0 A
4.937394706 0 0 1 A
5.595878333 0 0 3 A
5.595878554 0 0 2 A
5.597133596 0 0 4 A
5.597133827 0 0 5 A
5.632390299 0 0 6 A
5.632390586 0 0 0 A
5.643587283 0 0 1 A
6.194716255 0 0 3 A
6.194716618 0 0 2 A
6.195991557 0 0 4 A
6.195991767 0 0 5 A
6.244770368 0 0 6 A
6.244770787 0 0 0 A
6.274754498 0 0 1 A
6.734971508 0 0 3 A
6.734971773 0 0 2 A
6.736205873 0 0 4 A
6.736205928 0 0 5 A
6.763655468 0 0 6 A
6.763655699 0 0 0 A
6.807966766 0 0 1 A
7.261435372 0 0 3 A
7.261435570 0 0 2 A
7.262657740 0 0 4 A
7.262657806 0 0 5 A
7.296951330 0 0 6 A
7.296951859 0 0 0 A
7.341967527 0 0 1 A
7.740789488 0 0 3 A
7.740789664 0 0 2 A
7.742024095 0 0 4 A
7.742024205 0 0 5 A
7.755895867 0 0 6 A
7.755896143 0 0 0 A
7.803194257 0 0 1 A
8.176081911 0 0 3 A
8.176082308 0 0 2 A
8.177304515 0 0 4 A
8.177304592 0 0 5 A
8.219594936 0 0 6 A
8.219595245 0 0 0 A
8.247228028 0 0 1 A
8.476233291 0 0 3 A
8.476233555 0 0 2 A
8.477464723 0 0 4 A
8.477464833 0 0 5 A
8.506199994 0 0 6 A
8.506200335 0 0 0 A
8.520438479 0 0 1 A
8.796003105 0 0 3 A
8.796003282 0 0 2 A
8.797259999 0 0 4 A
8.797260088 0 0 5 A
8.814690352 0 0 6 A
8.814690661 0 0 0 A
0.000539678 5 5 0 F
0.026337925 5 5 1 F
0.026338344 5 5 3 F
0.026338553 5 5 2 F
0.027493855 5 5 4 F
0.027494560 5 5 5 F
0.047298776 5 5 6 F
0.047298963 5 5 0 F
0.062646536 5 5 1 F
0.308901228 5 5 3 F
0.308901415 5 5 2 F
0.310181357 5 5 4 F
0.453828440 5 5 5 F
0.465028289 5 5 6 F
0.465028664 5 5 0 F
0.477525103 5 5 1 F
0.806779471 5 5 3 F
0.806790845 5 5 2 F
0.808088803 5 5 4 F
0.985539082 5 5 5 F
1.008028194 5 5 6 F
1.008028469 5 5 0 F
1.057028104 5 5 1 F
1.424239529 5 5 3 F
1.424239695 5 5 2 F
1.426608215 5 5 4 F
1.589067165 5 5 5 F
1.634229553 5 5 6 F
1.634229905 5 5 0 F
1.661788080 5 5 1 F
2.043876501 5 5 3 F
2.043876612 5 5 2 F
2.045120858 5 5 4 F
2.230078016 5 5 5 F
2.253726807 5 5 6 F
2.253727259 5 5 0 F
2.278527342 5 5 1 F
2.651979474 5 5 3 F
2.651979639 5 5 2 F
2.653254869 5 5 4 F
2.821902446 5 5 5 F
2.852008389 5 5 6 F
2.852008852 5 5 0 F
2.893501854 5 5 1 F
3.275376546 5 5 3 F
3.275376623 5 5 2 F
3.276627012 5 5 4 F
3.407619099 5 5 5 F
3.446302410 5 5 6 F
3.446302785 5 5 0 F
3.462530011 5 5 1 F
3.779169389 5 5 3 F
3.779169730 5 5 2 F
3.780489105 5 5 4 F
3.911341698 5 5 5 F
3.956550327 5 5 6 F
3.956550746 5 5 0 F
3.998706340 5 5 1 F
4.375954414 5 5 3 F
4.375954711 5 5 2 F
4.377200797 5 5 4 F
4.499968748 5 5 5 F
4.532511954 5 5 6 F
4.532512417 5 5 0 F
4.558922155 5 5 1 F
4.902541274 5 5 3 F
4.902541549 5 5 2 F
4.903827971 5 5 4 F
5.085208073 5 5 5 F
5.129152843 5 5 6 F
5.129153107 5 5 0 F
5.155255194 5 5 1 F
5.595828050 5 5 3 F
5.595828711 5 5 2 F
5.597077667 5 5 4 F
5.790690833 5 5 5 F
5.802069013 5 5 6 F
5.802069146 5 5 0 F
5.823335894 5 5 1 F
6.193541820 5 5 3 F
6.193542272 5 5 2 F
6.194787641 5 5 4 F
6.353540012 5 5 5 F
6.382392785 5 5 6 F
6.382393248 5 5 0 F
6.421103556 5 5 1 F
6.734973217 5 5 3 F
6.734973492 5 5 2 F
6.736207107 5 5 4 F
6.855311511 5 5 5 F
6.889218341 5 5 6 F
6.889218705 5 5 0 F
6.917176569 5 5 1 F
7.261436959 5 5 3 F
7.261437245 5 5 2 F
7.262659007 5 5 4 F
7.381187499 5 5 5 F
7.403628609 5 5 6 F
7.403629050 5 5 0 F
7.452759420 5 5 1 F
7.740784661 5 5 3 F
7.740784870 5 5 2 F
7.742020877 5 5 4 F
7.855806659 5 5 5 F
7.882272913 5 5 6 F
7.882273166 5 5 0 F
7.915834311 5 5 1 F
8.176083289 5 5 3 F
8.176083675 5 5 2 F
8.177305485 5 5 4 F
8.297097828 5 5 5 F
8.314712225 5 5 6 F
8.314712600 5 5 0 F
8.339716134 5 5 1 F
8.476234172 5 5 3 F
8.476234415 5 5 2 F
8.477465539 5 5 4 F
8.561989682 5 5 5 F
8.606882559 5 5 6 F
8.606882923 5 5 0 F
8.636760312 5 5 1 F
8.796006169 5 5 3 F
8.796006378 5 5 2 F
8.797261873 5 5 4 F
8.897177211 5 5 5 F
8.938098579 5 5 6 F
8.938098943 5 5 0 F
8.951958603 5 5 1 F
9.085100432 5 5 3 F
9.085100686 5 5 4 F
9.178673156 5 5 5 F
9.212372835 5 5 6 F
9.212373242 5 5 0 F
0.000455983 15 15 0 P
0.024954515 15 15 1 P
0.026307110 15 15 3 P
0.026308091 15 15 2 P
0.027496808 15 15 4 P
0.198894662 15 15 5 P
0.230292000 15 15 6 P
0.230292177 15 15 0 P
0.267401533 15 15 1 P
0.308981257 15 15 3 P
0.308981499 15 15 2 P
0.310133950 15 15 4 P
0.716546152 15 15 5 P
0.734266607 15 15 6 P
0.734266905 15 15 0 P
0.777963893 15 15 1 P
0.808023314 15 15 3 P
0.808037057 15 15 4 P
1.279159829 15 15 5 P
1.324325605 15 15 6 P
1.324325892 15 15 0 P
1.337981432 15 15 1 P
1.424240202 15 15 3 P
1.424240290 15 15 2 P
1.426608535 15 15 4 P
1.921981895 15 15 5 P
1.948471336 15 15 6 P
1.948471777 15 15 0 P
1.982250397 15 15 1 P
2.043884150 15 15 3 P
2.043884227 15 15 2 P
2.045114279 15 15 4 P
2.524947262 15 15 5 P
2.557301293 15 15 6 P
2.557301590 15 15 0 P
2.568547827 15 15 1 P
2.651968596 15 15 3 P
2.651968893 15 15 2 P
2.653244796 15 15 4 P
3.160049729 15 15 5 P
3.192657537 15 15 6 P
3.192658033 15 15 0 P
3.211377210 15 15 1 P
3.275417400 15 15 3 P
3.275417543 15 15 2 P
3.276678045 15 15 4 P
3.699262615 15 15 5 P
3.711881362 15 15 6 P
3.711881792 15 15 0 P
3.741918464 15 15 1 P
3.778007689 15 15 3 P
3.778008075 15 15 2 P
3.779231711 15 15 4 P
4.243040565 15 15 5 P
4.281404084 15 15 6 P
4.281404492 15 15 0 P
4.328372905 15 15 1 P
4.377134937 15 15 3 P
4.377135036 15 15 2 P
4.378370172 15 15 4 P
4.806456726 15 15 5 P
4.848989220 15 15 6 P
4.848989584 15 15 0 P
4.871456836 15 15 1 P
4.903824841 15 15 3 P
4.903825106 15 15 4 P
5.449270404 15 15 5 P
5.488096816 15 15 6 P
5.488128049 15 15 0 P
5.500730134 15 15 1 P
5.595832370 15 15 3 P
5.595832690 15 15 2 P
5.597100503 15 15 4 P
6.107600270 15 15 5 P
6.123712033 15 15 6 P
6.123712452 15 15 0 P
6.148803206 15 15 1 P
6.193536232 15 15 3 P
6.193536419 15 15 2 P
6.194784885 15 15 4 P
6.641471111 15 15 5 P
6.682612668 15 15 6 P
6.682613086 15 15 0 P
6.708838000 15 15 1 P
6.734972346 15 15 3 P
6.734972765 15 15 2 P
6.736206788 15 15 4 P
7.179025621 15 15 5 P
7.201627847 15 15 6 P
7.201628189 15 15 0 P
7.239115013 15 15 1 P
7.261431327 15 15 3 P
7.261431647 15 15 2 P
7.262655657 15 15 4 P
7.643700610 15 15 5 P
7.655442140 15 15 6 P
7.655442691 15 15 0 P
7.703463488 15 15 1 P
7.740788441 15 15 3 P
7.740788617 15 15 2 P
7.742023456 15 15 4 P
8.085073016 15 15 5 P
8.106163760 15 15 6 P
8.106164212 15 15 0 P
8.143672065 15 15 1 P
8.177250331 15 15 3 P
8.177250706 15 15 2 P
8.178486029 15 15 4 P
8.443614954 15 15 5 P
8.456095066 15 15 6 P
8.456095418 15 15 0 P
8.494930238 15 15 1 P
8.796007040 15 15 3 P
8.796007370 15 15 2 P
8.797262193 15 15 4 P
9.014135694 15 15 5 P
9.027958158 15 15 6 P
9.027958488 15 15 0 P
9.067802858 15 15 1 P
9.083862497 15 15 3 P
9.083862806 15 15 2 P
9.085101523 15 15 4 P
9.261348682 15 15 5 P
9.310249792 15 15 6 P
9.310250332 15 15 0 P
9.325246817 15 15 1 P
9.351400911 15 15 3 P
9.351401341 15 15 2 P
9.352637116 15 15 4 P
9.516838639 15 15 5 P
9.554172045 15 15 6 P
9.554172838 15 15 0 P
0.000597493 2 2 0 C
0.028848048 2 2 1 C
0.308973939 2 2 3 C
0.308974248 2 2 2 C
0.310131404 2 2 4 C
0.345134730 2 2 5 C
0.375255746 2 2 6 C
0.375256186 2 2 0 C
0.408020418 2 2 1 C
0.806767018 2 2 3 C
0.806767073 2 2 2 C
0.808084769 2 2 4 C
0.887911640 2 2 5 C
0.919168747 2 2 6 C
0.919169045 2 2 0 C
0.965492110 2 2 1 C
1.424225896 2 2 3 C
1.424226304 2 2 2 C
1.426606992 2 2 4 C
1.481576952 2 2 5 C
1.523961789 2 2 6 C
1.523962153 2 2 0 C
1.539009746 2 2 1 C
2.045082869 2 2 3 C
2.045083078 2 2 4 C
2.098400647 2 2 5 C
2.144572943 2 2 6 C
2.144573197 2 2 0 C
2.192359133 2 2 1 C
2.651978801 2 2 3 C
2.651978867 2 2 2 C
2.653254329 2 2 4 C
2.699921076 2 2 5 C
2.739162964 2 2 6 C
2.739163404 2 2 0 C
2.769282335 2 2 1 C
3.275378475 2 2 3 C
3.275378651 2 2 2 C
3.276628235 2 2 4 C
3.345183116 2 2 5 C
3.358837874 2 2 6 C
3.358838303 2 2 0 C
3.377693256 2 2 1 C
3.779171207 2 2 3 C
3.779171328 2 2 2 C
3.780489513 2 2 4 C
3.829082406 2 2 5 C
3.861527801 2 2 6 C
3.861528241 2 2 0 C
3.908879042 2 2 1 C
4.375959428 2 2 3 C
4.375959494 2 2 2 C
4.377207530 2 2 4 C
4.427164082 2 2 5 C
4.453434025 2 2 6 C
4.453434455 2 2 0 C
4.483689638 2 2 1 C
4.902542155 2 2 3 C
4.902542387 2 2 2 C
4.903854135 2 2 4 C
4.974974079 2 2 5 C
5.007360960 2 2 6 C
5.007361423 2 2 0 C
5.051133234 2 2 1 C
5.595840096 2 2 3 C
5.595840140 2 2 2 C
5.598388679 2 2 4 C
5.674856014 2 2 5 C
5.720939573 2 2 6 C
5.720940036 2 2 0 C
5.740885337 2 2 1 C
6.193533951 2 2 3 C
6.193534237 2 2 2 C
6.194783298 2 2 4 C
6.264659447 2 2 5 C
6.304724994 2 2 6 C
6.304725490 2 2 0 C
6.316267222 2 2 1 C
6.734974153 2 2 3 C
6.734974209 2 2 2 C
6.736207394 2 2 4 C
6.779950998 2 2 5 C
6.798989527 2 2 6 C
6.798989759 2 2 0 C
6.846695284 2 2 1 C
7.261434732 2 2 3 C
7.261434788 2 2 2 C
7.262657409 2 2 4 C
7.296954614 2 2 5 C
7.335822381 2 2 6 C
7.335822822 2 2 0 C
7.368539535 2 2 1 C
7.740786567 2 2 3 C
7.740786755 2 2 2 C
7.742022574 2 2 4 C
7.755898358 2 2 5 C
7.805873269 2 2 6 C
7.805873666 2 2 0 C
7.823190230 2 2 1 C
8.176079156 2 2 3 C
8.176079321 2 2 2 C
8.177303160 2 2 4 C
8.219599025 2 2 5 C
8.243367996 2 2 6 C
8.243368348 2 2 0 C
8.277313757 2 2 1 C
8.476234889 2 2 3 C
8.476235219 2 2 2 C
8.477465924 2 2 4 C
8.506203421 2 2 5 C
8.526751287 2 2 6 C
8.526751794 2 2 0 C
8.557073676 2 2 1 C
8.796004648 2 2 3 C
8.796004836 2 2 2 C
8.797261179 2 2 4 C
8.814737686 2 2 5 C
8.834931026 2 2 6 C
8.834931345 2 2 0 C
8.871232612 2 2 1 C
9.083864139 2 2 3 C
9.083864327 2 2 2 C
9.086338059 2 2 4 C
9.086338191 2 2 5 C
9.124971359 2 2 6 C
9.124971811 2 2 0 C
9.154888674 2 2 1 C
9.350240972 2 2 3 C
9.350241170 2 2 2 C
9.351464545 2 2 4 C
9.351464644 2 2 5 C
9.394061456 2 2 6 C
9.394061787 2 2 0 C
9.417883535 2 2 1 C
9.633160808 2 2 3 C
9.633185362 2 2 4 C
9.633185462 2 2 5 C
9.652851249 2 2 6 C
9.652851679 2 2 0 C
0.000424243 8 8 0 I
0.026344776 8 8 1 I
0.308974843 8 8 3 I
0.308975173 8 8 2 I
0.310131812 8 8 4 I
0.525519157 8 8 5 I
0.571394007 8 8 6 I
0.571394260 8 8 0 I
0.595057088 8 8 1 I
0.806762731 8 8 3 I
0.806763105 8 8 2 I
0.808083050 8 8 4 I
1.084630048 8 8 5 I
1.117120626 8 8 6 I
1.117120913 8 8 0 I
1.138496165 8 8 1 I
1.424205221 8 8 3 I
1.424205750 8 8 2 I
1.426605416 8 8 4 I
1.706413066 8 8 5 I
1.727316118 8 8 6 I
1.727316548 8 8 0 I
1.761172119 8 8 1 I
2.043881527 8 8 3 I
2.043881747 8 8 2 I
2.045113067 8 8 4 I
2.315893783 8 8 5 I
2.354677481 8 8 6 I
2.354677735 8 8 0 I
2.375909494 8 8 1 I
2.651976652 8 8 3 I
2.651976740 8 8 2 I
2.653252819 8 8 4 I
2.924731857 8 8 5 I
2.943464590 8 8 6 I
2.943464953 8 8 0 I
2.958406657 8 8 1 I
3.275368225 8 8 3 I
3.275368545 8 8 2 I
3.276620940 8 8 4 I
3.480305305 8 8 5 I
3.516243963 8 8 6 I
3.516244217 8 8 0 I
3.566180089 8 8 1 I
3.779173533 8 8 3 I
3.779173621 8 8 2 I
3.780491056 8 8 4 I
4.013542459 8 8 5 I
4.054904237 8 8 6 I
4.054904700 8 8 0 I
4.093798921 8 8 1 I
4.375956287 8 8 3 I
4.375956563 8 8 2 I
4.377204169 8 8 4 I
4.603938721 8 8 5 I
4.641834788 8 8 6 I
4.641835152 8 8 0 I
4.669199200 8 8 1 I
4.902538023 8 8 3 I
4.902538232 8 8 2 I
4.903826395 8 8 4 I
5.220401863 8 8 5 I
5.261640801 8 8 6 I
5.261641264 8 8 0 I
5.288406588 8 8 1 I
5.595837649 8 8 3 I
5.595837837 8 8 2 I
5.597107578 8 8 4 I
5.840689694 8 8 5 I
5.884471446 8 8 6 I
5.884471721 8 8 0 I
5.923467663 8 8 1 I
6.193538524 8 8 3 I
6.193538800 8 8 2 I
6.194785921 8 8 4 I
6.442280975 8 8 5 I
6.457376653 8 8 6 I
6.457377049 8 8 0 I
6.503648513 8 8 1 I
6.733814477 8 8 3 I
6.733814543 8 8 2 I
6.735033196 8 8 4 I
6.944731351 8 8 5 I
6.979977749 8 8 6 I
6.979978079 8 8 0 I
7.027406010 8 8 1 I
7.261438766 8 8 3 I
7.261438843 8 8 2 I
7.262659613 8 8 4 I
7.439211673 8 8 5 I
7.453975875 8 8 6 I
7.453976184 8 8 0 I
7.503921200 8 8 1 I
7.740787537 8 8 3 I
7.740787791 8 8 2 I
7.742022949 8 8 4 I
7.929543782 8 8 5 I
7.973933969 8 8 6 I
7.973934443 8 8 0 I
8.000096880 8 8 1 I
8.176085460 8 8 3 I
8.176085559 8 8 2 I
8.177306157 8 8 4 I
8.314715862 8 8 5 I
8.349795135 8 8 6 I
8.349795410 8 8 0 I
8.390677113 8 8 1 I
8.476238889 8 8 3 I
8.476239165 8 8 2 I
8.477467225 8 8 4 I
8.606884422 8 8 5 I
8.636758262 8 8 6 I
8.636758559 8 8 0 I
8.683572443 8 8 1 I
8.796003866 8 8 3 I
8.796004086 8 8 2 I
8.797260859 8 8 4 I
8.938101015 8 8 5 I
8.985695732 8 8 6 I
8.985696085 8 8 0 I
9.009187921 8 8 1 I
9.083861516 8 8 3 I
9.083861880 8 8 2 I
9.085101170 8 8 4 I
9.213694672 8 8 5 I
9.236457342 8 8 6 I
9.236457750 8 8 0 I
9.286460373 8 8 1 I
9.350241920 8 8 3 I
9.350242096 8 8 2 I
9.352691791 8 8 4 I
9.471844820 8 8 5 I
9.485809548 8 8 6 I
9.485809901 8 8 0 I
9.504435443 8 8 1 I
9.631721286 8 8 3 I
9.631721606 8 8 2 I
9.634338877 8 8 4 I
9.707936239 8 8 5 I
9.754025032 8 8 6 I
9.754025550 8 8 0 I
9.786412914 8 8 1 I
9.868061448 8 8 3 I
9.868061624 8 8 2 I
9.870564309 8 8 4 I
9.940548969 8 8 5 I
9.985806191 8 8 6 I
9.985806698 8 8 0 I
0.000783332 4 4 0 E
0.031723063 4 4 1 E
0.308975802 4 4 3 E
0.308976000 4 4 2 E
0.310132176 4 4 4 E
0.415770162 4 4 5 E
0.452707401 4 4 6 E
0.452708052 4 4 0 E
0.468936468 4 4 1 E
0.806791584 4 4 3 E
0.806791738 4 4 2 E
0.808079832 4 4 4 E
0.960320068 4 4 5 E
0.984359993 4 4 6 E
0.984360324 4 4 0 E
1.028188354 4 4 1 E
1.425423706 4 4 3 E
1.425437923 4 4 4 E
1.550470325 4 4 5 E
1.589064839 4 4 6 E
1.589065148 4 4 0 E
1.634227944 4 4 1 E
2.043873801 4 4 3 E
2.043873989 4 4 2 E
2.045085150 4 4 4 E
2.189629021 4 4 5 E
2.228894989 4 4 6 E
2.228895276 4 4 0 E
2.256199434 4 4 1 E
2.651972078 4 4 3 E
2.651972310 4 4 2 E
2.653251805 4 4 4 E
2.780633298 4 4 5 E
2.820785552 4 4 6 E
2.820786026 4 4 0 E
2.838412056 4 4 1 E
3.275416386 4 4 3 E
3.275416706 4 4 2 E
3.276680778 4 4 4 E
3.391495596 4 4 5 E
3.407612178 4 4 6 E
3.407612674 4 4 0 E
3.421255079 4 4 1 E
3.778018336 4 4 3 E
3.778018512 4 4 2 E
3.780412382 4 4 4 E
3.882545516 4 4 5 E
3.911290033 4 4 6 E
3.911290397 4 4 0 E
3.958967821 4 4 1 E
4.375958557 4 4 3 E
4.375958800 4 4 2 E
4.377206858 4 4 4 E
4.469788648 4 4 5 E
4.498795964 4 4 6 E
4.498796294 4 4 0 E
4.538994258 4 4 1 E
4.903721626 4 4 3 E
4.903721858 4 4 2 E
4.905021601 4 4 4 E
5.051064374 4 4 5 E
5.085106087 4 4 6 E
5.085106561 4 4 0 E
5.114016195 4 4 1 E
5.595830287 4 4 3 E
5.595830783 4 4 2 E
5.597078461 4 4 4 E
5.745805480 4 4 5 E
5.790687273 4 4 6 E
5.790687813 4 4 0 E
5.809521190 4 4 1 E
6.193536970 4 4 3 E
6.193537874 4 4 2 E
6.194785315 4 4 4 E
6.321189696 4 4 5 E
6.353534557 4 4 6 E
6.353535207 4 4 0 E
6.380911393 4 4 1 E
6.733811093 4 4 3 E
6.733811159 4 4 2 E
6.735036040 4 4 4 E
6.813008858 4 4 5 E
6.854139730 4 4 6 E
6.854140170 4 4 0 E
6.895723685 4 4 1 E
7.261434159 4 4 3 E
7.261434226 4 4 2 E
7.262657090 4 4 4 E
7.350741422 4 4 5 E
7.380100386 4 4 6 E
7.380101146 4 4 0 E
7.405068123 4 4 1 E
7.740790524 4 4 3 E
7.740790832 4 4 2 E
7.742025407 4 4 4 E
7.836905570 4 4 5 E
7.855803441 4 4 6 E
7.855803915 4 4 0 E
7.875940041 4 4 1 E
8.176080765 4 4 3 E
8.176081217 4 4 2 E
8.177304074 4 4 4 E
8.263502469 4 4 5 E
8.297094544 4 4 6 E
8.297095084 4 4 0 E
8.346073649 4 4 1 E
8.476240322 4 4 3 E
8.476240465 4 4 2 E
8.477463026 4 4 4 E
8.548104971 4 4 5 E
8.561986717 4 4 6 E
8.561987213 4 4 0 E
8.580671508 4 4 1 E
8.796001959 4 4 3 E
8.796002290 4 4 2 E
8.797259559 4 4 4 E
8.850105551 4 4 5 E
8.896078907 4 4 6 E
8.896079557 4 4 0 E
8.944476874 4 4 1 E
9.083913717 4 4 3 E
9.083913981 4 4 2 E
9.085208080 4 4 4 E
9.166182474 4 4 5 E
9.178668670 4 4 6 E
9.178669210 4 4 0 E
9.216206278 4 4 1 E
9.350237963 4 4 3 E
9.350238338 4 4 2 E
9.351463123 4 4 4 E
9.430355095 4 4 5 E
9.471695739 4 4 6 E
9.471696687 4 4 0 E
9.501889871 4 4 1 E
9.631786344 4 4 3 E
9.631815660 4 4 2 E
9.634277241 4 4 4 E
9.679189308 4 4 5 E
9.707933208 4 4 6 E
9.707933572 4 4 0 E
9.730377082 4 4 1 E
9.869248931 4 4 3 E
9.869249140 4 4 2 E
9.870507244 4 4 4 E
9.898182539 4 4 5 E
9.939322640 4 4 6 E
9.939322926 4 4 0 E
9.983965517 4 4 1 E
10.065730164 4 4 3 E
10.065730582 4 4 2 E
10.067011940 4 4 4 E
10.094512953 4 4 5 E
10.120688978 4 4 6 E
10.120689330 4 4 0 E
0.000589412 10 10 0 K
0.012186017 10 10 1 K
0.012209106 10 10 3 K
0.012213768 10 10 4 K
0.012213890 10 10 5 K
0.024982453 10 10 6 K
0.024983302 10 10 0 K
0.035805856 10 10 1 K
0.308978116 10 10 3 K
0.308978788 10 10 2 K
0.310133058 10 10 4 K
0.602515734 10 10 5 K
0.623849462 10 10 6 K
0.623849826 10 10 0 K
0.640100991 10 10 1 K
0.806774446 10 10 3 K
0.806774501 10 10 2 K
0.808086301 10 10 4 K
1.136068912 10 10 5 K
1.174713996 10 10 6 K
1.174714426 10 10 0 K
1.219631045 10 10 1 K
1.424256689 10 10 3 K
1.424256843 10 10 2 K
1.426609372 10 10 4 K
1.752088328 10 10 5 K
1.787180182 10 10 6 K
1.787180545 10 10 0 K
1.835829883 10 10 1 K
2.043874584 10 10 3 K
2.043874870 10 10 2 K
2.045085558 10 10 4 K
2.373493005 10 10 5 K
2.409706432 10 10 6 K
2.409706906 10 10 0 K
2.452380405 10 10 1 K
2.651973798 10 10 3 K
2.651973842 10 10 2 K
2.653256478 10 10 4 K
2.972108659 10 10 5 K
2.995899355 10 10 6 K
2.995899829 10 10 0 K
3.007069360 10 10 1 K
3.275377241 10 10 3 K
3.275377759 10 10 2 K
3.276627629 10 10 4 K
3.561128322 10 10 5 K
3.586258531 10 10 6 K
3.586259104 10 10 0 K
3.597665331 10 10 1 K
3.778009078 10 10 3 K
3.778009122 10 10 2 K
3.779232174 10 10 4 K
4.103675842 10 10 5 K
4.119885204 10 10 6 K
4.119885325 10 10 0 K
4.145033686 10 10 1 K
4.375957136 10 10 3 K
4.375957378 10 10 2 K
4.377204753 10 10 4 K
4.666717896 10 10 5 K
4.710170128 10 10 6 K
4.710170459 10 10 0 K
4.747412429 10 10 1 K
4.902535918 10 10 3 K
4.902536579 10 10 2 K
4.903825547 10 10 4 K
5.303327006 10 10 5 K
5.324795098 10 10 6 K
5.324795241 10 10 0 K
5.355309268 10 10 1 K
5.595834133 10 10 3 K
5.595834189 10 10 2 K
5.597101197 10 10 4 K
5.915715963 10 10 5 K
5.954086562 10 10 6 K
5.954087179 10 10 0 K
6.001423648 10 10 1 K
6.193539582 10 10 3 K
6.193539781 10 10 2 K
6.194786616 10 10 4 K
6.496145308 10 10 5 K
6.530142451 10 10 6 K
6.530143266 10 10 0 K
6.555083782 10 10 1 K
6.734977052 10 10 3 K
6.734977669 10 10 4 K
7.028653732 10 10 5 K
7.069773455 10 10 6 K
7.069773863 10 10 0 K
7.098511319 10 10 1 K
7.261428329 10 10 3 K
7.261428616 10 10 2 K
7.262654522 10 10 4 K
7.487401853 10 10 5 K
7.505193072 10 10 6 K
7.505193259 10 10 0 K
7.551071994 10 10 1 K
7.740794899 10 10 3 K
7.740795031 10 10 4 K
7.973938235 10 10 5 K
8.016450840 10 10 6 K
8.016451270 10 10 0 K
8.031831342 10 10 1 K
8.176086198 10 10 3 K
8.176086309 10 10 2 K
8.177306466 10 10 4 K
8.349799675 10 10 5 K
8.369722954 10 10 6 K
8.369723317 10 10 0 K
8.414605982 10 10 1 K
8.476237523 10 10 3 K
8.476238305 10 10 2 K
8.477466949 10 10 4 K
8.636763915 10 10 5 K
8.659639303 10 10 6 K
8.659639997 10 10 0 K
8.689950093 10 10 1 K
8.796008098 10 10 3 K
8.796008219 10 10 4 K
8.986873079 10 10 5 K
9.014090381 10 10 6 K
9.014090700 10 10 0 K
9.046468845 10 10 1 K
9.083914885 10 10 3 K
9.083914951 10 10 2 K
9.085181419 10 10 4 K
9.237738408 10 10 5 K
9.261245944 10 10 6 K
9.261246639 10 10 0 K
9.307508301 10 10 1 K
9.351402708 10 10 3 K
9.351403093 10 10 2 K
9.352636058 10 10 4 K
9.487017427 10 10 5 K
9.515619423 10 10 6 K
9.515620084 10 10 0 K
9.540428171 10 10 1 K
9.633158813 10 10 3 K
9.633158879 10 10 2 K
9.634278068 10 10 4 K
9.755194180 10 10 5 K
9.778828044 10 10 6 K
9.778828595 10 10 0 K
9.829696924 10 10 1 K
9.869250121 10 10 3 K
9.869250308 10 10 2 K
9.870505833 10 10 4 K
9.987012642 10 10 5 K
10.007146396 10 10 6 K
10.007146638 10 10 0 K
10.023899822 10 10 1 K
10.065732147 10 10 3 K
10.065732302 10 10 2 K
10.067009240 10 10 4 K
10.121865227 10 10 5 K
10.149525478 10 10 6 K
10.149525831 10 10 0 K
10.180747595 10 10 1 K
10.192059360 10 10 3 K
10.192059680 10 10 2 K
10.193333698 10 10 4 K
10.216958307 10 10 5 K
10.238016683 10 10 6 K
10.238017123 10 10 0 K
0.000634668 3 3 0 D
0.035756048 3 3 1 D
0.308979615 3 3 3 D
0.308979791 3 3 2 D
0.310133344 3 3 4 D
0.375258170 3 3 5 D
0.414577865 3 3 6 D
0.414578273 3 3 0 D
0.440096989 3 3 1 D
0.806729083 3 3 3 D
0.806729293 3 3 2 D
0.808081275 3 3 4 D
0.919172384 3 3 5 D
0.960317820 3 3 6 D
0.960318040 3 3 0 D
1.005653952 3 3 1 D
1.424241050 3 3 3 D
1.424241348 3 3 2 D
1.426608810 3 3 4 D
1.523966716 3 3 5 D
1.549157642 3 3 6 D
1.549157895 3 3 0 D
1.573945836 3 3 1 D
2.043883268 3 3 3 D
2.043883323 3 3 2 D
2.045113893 3 3 4 D
2.144578817 3 3 5 D
2.188445872 3 3 6 D
2.188446114 3 3 0 D
2.214962645 3 3 1 D
2.651975550 3 3 3 D
2.651975605 3 3 2 D
2.653263058 3 3 4 D
2.739168860 3 3 5 D
2.780630686 3 3 6 D
2.780631072 3 3 0 D
2.799406795 3 3 1 D
3.275379290 3 3 3 D
3.275379357 3 3 2 D
3.277858919 3 3 4 D
3.358840419 3 3 5 D
3.391489502 3 3 6 D
3.391489777 3 3 0 D
3.432577581 3 3 1 D
3.778010478 3 3 3 D
3.778010764 3 3 2 D
3.779232504 3 3 4 D
3.862725858 3 3 5 D
3.881457305 3 3 6 D
3.881457801 3 3 0 D
3.927726272 3 3 1 D
4.375953389 3 3 3 D
4.375953785 3 3 2 D
4.377200047 3 3 4 D
4.453438466 3 3 5 D
4.469786687 3 3 6 D
4.469787105 3 3 0 D
4.479898142 3 3 1 D
4.903716931 3 3 3 D
4.903717152 3 3 2 D
4.905022990 3 3 4 D
5.008550907 3 3 5 D
5.051061652 3 3 6 D
5.051062181 3 3 0 D
5.081355282 3 3 1 D
5.595835412 3 3 3 D
5.595835621 3 3 2 D
5.597101781 3 3 4 D
5.722127399 3 3 5 D
5.745797379 3 3 6 D
5.745798041 3 3 0 D
5.759435366 3 3 1 D
6.193545534 3 3 3 D
6.193545853 3 3 2 D
6.194789779 3 3 4 D
6.305911565 3 3 5 D
6.321187822 3 3 6 D
6.321188087 3 3 0 D
6.334918658 3 3 1 D
6.734976567 3 3 3 D
6.734976721 3 3 2 D
6.736208617 3 3 4 D
6.798999347 3 3 5 D
6.811818445 3 3 6 D
6.811818808 3 3 0 D
6.830431567 3 3 1 D
7.261437896 3 3 3 D
7.261438193 3 3 2 D
7.262659316 3 3 4 D
7.335828343 3 3 5 D
7.349500765 3 3 6 D
7.349501404 3 3 0 D
7.364684412 3 3 1 D
7.740793367 3 3 3 D
7.740793500 3 3 2 D
7.742026949 3 3 4 D
7.807023971 3 3 5 D
7.836902616 3 3 6 D
7.836902848 3 3 0 D
7.870782460 3 3 1 D
8.176084369 3 3 3 D
8.176084534 3 3 2 D
8.177305838 3 3 4 D
8.243371302 3 3 5 D
8.262263441 3 3 6 D
8.262263937 3 3 0 D
8.300932930 3 3 1 D
8.476231538 3 3 3 D
8.476231847 3 3 2 D
8.477464337 3 3 4 D
8.528101273 3 3 5 D
8.548103064 3 3 6 D
8.548103285 3 3 0 D
8.585698194 3 3 1 D
8.796005387 3 3 3 D
8.796005563 3 3 2 D
8.797261575 3 3 4 D
8.836187523 3 3 5 D
8.850001036 3 3 6 D
8.850001344 3 3 0 D
8.888360580 3 3 1 D
9.083915403 3 3 3 D
9.083915613 3 3 2 D
9.085148235 3 3 4 D
9.126142645 3 3 5 D
9.166125937 3 3 6 D
9.166126158 3 3 0 D
9.187276284 3 3 1 D
9.350239969 3 3 3 D
9.350240145 3 3 2 D
9.351463960 3 3 4 D
9.394064564 3 3 5 D
9.429162747 3 3 6 D
9.429163121 3 3 0 D
9.474523248 3 3 1 D
9.633156311 3 3 3 D
9.633157215 3 3 2 D
9.634277715 3 3 4 D
9.652901631 3 3 5 D
9.677933335 3 3 6 D
9.677934096 3 3 0 D
9.715282634 3 3 1 D
9.869303631 3 3 3 D
9.869303808 3 3 4 D
9.869303984 3 3 5 D
9.898178957 3 3 6 D
9.898179508 3 3 0 D
9.939320954 3 3 1 D
10.065731310 3 3 3 D
10.065731519 3 3 2 D
10.067012844 3 3 4 D
10.067013109 3 3 5 D
10.094510022 3 3 6 D
10.094510485 3 3 0 D
10.105868466 3 3 1 D
10.192062082 3 3 3 D
10.192062248 3 3 4 D
10.192062336 3 3 5 D
10.215824231 3 3 6 D
10.215824628 3 3 0 D
10.239321491 3 3 1 D
10.286612044 3 3 3 D
10.286612210 3 3 4 D
10.286612353 3 3 5 D
10.297834599 3 3 6 D
10.297835239 3 3 0 D
0.000528061 16 16 0 Q
0.031784068 16 16 1 Q
0.308967558 16 16 3 Q
0.308969332 16 16 2 Q
0.310129586 16 16 4 Q
0.735441423 16 16 5 Q
0.755433518 16 16 6 Q
0.755433859 16 16 0 Q
0.767819017 16 16 1 Q
0.806768528 16 16 3 Q
0.806768605 16 16 2 Q
0.808085562 16 16 4 Q
1.324328294 16 16 5 Q
1.367997446 16 16 6 Q
1.367997843 16 16 0 Q
1.379185843 16 16 1 Q
1.424201915 16 16 3 Q
1.424204383 16 16 2 Q
1.426605030 16 16 4 Q
1.948480737 16 16 5 Q
1.997209557 16 16 6 Q
1.997210009 16 16 0 Q
2.025098346 16 16 1 Q
2.043884899 16 16 3 Q
2.043884954 16 16 2 Q
2.045114610 16 16 4 Q
2.557306913 16 16 5 Q
2.595999855 16 16 6 Q
2.596000362 16 16 0 Q
2.627266260 16 16 1 Q
2.650779645 16 16 3 Q
2.650779822 16 16 2 Q
2.652020047 16 16 4 Q
3.192664106 16 16 5 Q
3.220280336 16 16 6 Q
3.220280655 16 16 0 Q
3.267268366 16 16 1 Q
3.275373394 16 16 3 Q
3.275373560 16 16 2 Q
3.276625039 16 16 4 Q
3.711883203 16 16 5 Q
3.753019613 16 16 6 Q
3.753019866 16 16 0 Q
3.774227907 16 16 1 Q
3.778011481 16 16 3 Q
3.778011756 16 16 2 Q
3.779232868 16 16 4 Q
4.282583694 16 16 5 Q
4.317179663 16 16 6 Q
4.317179994 16 16 0 Q
4.347209869 16 16 1 Q
4.375960078 16 16 3 Q
4.375960299 16 16 2 Q
4.377208214 16 16 4 Q
4.850120298 16 16 5 Q
4.865072790 16 16 6 Q
4.865073132 16 16 0 Q
4.902479955 16 16 1 Q
4.903719422 16 16 3 Q
4.903719510 16 16 2 Q
4.905023971 16 16 4 Q
5.488130474 16 16 5 Q
5.530688491 16 16 6 Q
5.530688767 16 16 0 Q
5.557211789 16 16 1 Q
5.595876284 16 16 3 Q
5.595876515 16 16 2 Q
5.597146163 16 16 4 Q
6.123717345 16 16 5 Q
6.173619228 16 16 6 Q
6.173619636 16 16 0 Q
6.208641906 16 16 1 Q
6.734969800 16 16 3 Q
6.734970186 16 16 2 Q
6.736205476 16 16 4 Q
7.202780278 16 16 5 Q
7.220274864 16 16 6 Q
7.220275382 16 16 0 Q
7.260133941 16 16 1 Q
7.262601810 16 16 3 Q
7.262601987 16 16 4 Q
7.655445524 16 16 5 Q
7.673189361 16 16 6 Q
7.673189956 16 16 0 Q
7.713457275 16 16 1 Q
7.740781365 16 16 3 Q
7.740781839 16 16 2 Q
7.742019444 16 16 4 Q
8.106167882 16 16 5 Q
8.132450851 16 16 6 Q
8.132451225 16 16 0 Q
8.179722190 16 16 1 Q
8.476236443 16 16 3 Q
8.476236806 16 16 2 Q
8.477466641 16 16 4 Q
8.674704860 16 16 5 Q
8.722532523 16 16 6 Q
8.722532864 16 16 0 Q
8.754809858 16 16 1 Q
8.795999689 16 16 3 Q
8.795999931 16 16 2 Q
8.797259030 16 16 4 Q
9.027960395 16 16 5 Q
9.067876800 16 16 6 Q
9.067877274 16 16 0 Q
9.117544377 16 16 1 Q
9.350239010 16 16 3 Q
9.350239208 16 16 2 Q
9.351463564 16 16 4 Q
9.554224493 16 16 5 Q
9.584159219 16 16 6 Q
9.584159539 16 16 0 Q
9.633099913 16 16 1 Q
9.633100221 16 16 3 Q
9.633100309 16 16 2 Q
9.634337499 16 16 4 Q
9.780058210 16 16 5 Q
9.809978351 16 16 6 Q
9.809978726 16 16 0 Q
9.840706308 16 16 1 Q
9.869247024 16 16 3 Q
9.869247465 16 16 2 Q
9.870506935 16 16 4 Q
10.008428032 16 16 5 Q
10.020950257 16 16 6 Q
10.020950631 16 16 0 Q
10.069500507 16 16 1 Q
10.192061157 16 16 3 Q
10.192061443 16 16 2 Q
10.193331615 16 16 4 Q
10.238076954 16 16 5 Q
10.265356935 16 16 6 Q
10.265357288 16 16 0 Q
10.305452785 16 16 1 Q
10.351809069 16 16 3 Q
10.351833326 16 16 2 Q
10.354253272 16 16 4 Q
10.354253613 16 16 5 Q
10.366783093 16 16 6 Q
10.366783467 16 16 0 Q
0.000548824 17 17 0 R
0.030293671 17 17 1 R
0.308976595 17 17 3 R
0.308976771 17 17 2 R
0.310132485 17 17 4 R
0.756725657 17 17 5 R
0.767817044 17 17 6 R
0.767817286 17 17 0 R
0.798175157 17 17 1 R
0.806765210 17 17 3 R
0.806765276 17 17 2 R
0.808083689 17 17 4 R
1.367999948 17 17 5 R
1.400611709 17 17 6 R
1.400612073 17 17 0 R
1.428065930 17 17 1 R
2.043879146 17 17 3 R
2.043879598 17 17 2 R
2.045122280 17 17 4 R
2.596005619 17 17 5 R
2.627263295 17 17 6 R
2.627263780 17 17 0 R
2.642116820 17 17 1 R
2.650778929 17 17 3 R
2.650778984 17 17 2 R
2.652079794 17 17 4 R
3.221453804 17 17 5 R
3.249948241 17 17 6 R
3.249948748 17 17 0 R
3.276679819 17 17 1 R
3.778016694 17 17 3 R
3.778016771 17 17 2 R
3.779237596 17 17 4 R
4.317184788 17 17 5 R
4.362245411 17 17 6 R
4.362245752 17 17 0 R
4.394688050 17 17 1 R
4.902538882 17 17 3 R
4.902539147 17 17 2 R
4.903826748 17 17 4 R
5.531835561 17 17 5 R
5.557155398 17 17 6 R
5.557155861 17 17 0 R
5.607193972 17 17 1 R
6.194782318 17 17 3 R
6.194782560 17 17 4 R
6.682664470 17 17 5 R
6.697715404 17 17 6 R
6.697715746 17 17 0 R
6.741423534 17 17 1 R
7.261432451 17 17 3 R
7.261432528 17 17 2 R
7.262656076 17 17 4 R
7.673205936 17 17 5 R
7.698166873 17 17 6 R
7.698167181 17 17 0 R
7.730113997 17 17 1 R
7.740726046 17 17 3 R
7.740726278 17 17 2 R
7.741958592 17 17 4 R
8.133629785 17 17 5 R
8.154838443 17 17 6 R
8.154838774 17 17 0 R
8.178487340 17 17 1 R
8.476239584 17 17 3 R
8.476239705 17 17 2 R
8.477467544 17 17 4 R
8.722536435 17 17 5 R
8.756047032 17 17 6 R
8.756047275 17 17 0 R
8.801092813 17 17 1 R
9.083863313 17 17 3 R
9.083863401 17 17 2 R
9.085101821 17 17 4 R
9.311428425 17 17 5 R
9.322774496 17 17 6 R
9.322774981 17 17 0 R
9.359003535 17 17 1 R
9.633159452 17 17 3 R
9.633159540 17 17 2 R
9.634278388 17 17 4 R
9.810032644 17 17 5 R
9.850758170 17 17 6 R
9.850758567 17 17 0 R
9.890614278 17 17 1 R
10.065781421 17 17 3 R
10.065781774 17 17 4 R
10.150769012 17 17 5 R
10.170854422 17 17 6 R
10.170855039 17 17 0 R
10.200757619 17 17 1 R
10.286610513 17 17 3 R
10.286610711 17 17 2 R
10.287871483 17 17 4 R
10.299213684 17 17 5 R
10.328106753 17 17 6 R
10.328107127 17 17 0 R
10.373131303 17 17 1 R
10.408104450 17 17 3 R
10.408104759 17 17 2 R
10.410543356 17 17 4 R
10.410543587 17 17 5 R
10.425500532 17 17 6 R
10.425500929 17 17 0 R
10.448449981 17 17 1 R
10.452370877 17 17 3 R
10.452371141 17 17 4 R
10.452371328 17 17 5 R
10.498569678 17 17 6 R
10.498570074 17 17 0 R
10.538127868 17 17 1 R
10.538128309 17 17 3 R
10.538128452 17 17 4 R
10.538128563 17 17 5 R
10.585241933 17 17 6 R
10.585242286 17 17 0 R
10.630241090 17 17 1 R
10.630241608 17 17 3 R
10.630241751 17 17 4 R
10.630241861 17 17 5 R
10.678313534 17 17 6 R
10.678313909 17 17 0 R
10.703801635 17 17 1 R
10.763471633 17 17 3 R
10.763472019 17 17 4 R
10.763472195 17 17 5 R
10.775898419 17 17 6 R
10.775898838 17 17 0 R
0.000341530 19 19 0 T
0.013508655 19 19 1 T
0.026253467 19 19 3 T
0.026253666 19 19 2 T
0.027489502 19 19 4 T
0.270063372 19 19 5 T
0.308898319 19 19 6 T
0.308898594 19 19 0 T
0.347539098 19 19 1 T
0.806764284 19 19 3 T
0.806764351 19 19 2 T
0.808083402 19 19 4 T
1.401798708 19 19 5 T
1.424199898 19 19 6 T
1.424200217 19 19 0 T
1.460461192 19 19 1 T
2.043870429 19 19 3 T
2.043873195 19 19 2 T
2.045084665 19 19 4 T
2.628434434 19 19 5 T
2.650776030 19 19 6 T
2.650776394 19 19 0 T
2.691202976 19 19 1 T
3.275370044 19 19 3 T
3.275370330 19 19 2 T
3.276622108 19 19 4 T
3.753026424 19 19 5 T
3.778005397 19 19 6 T
3.778005860 19 19 0 T
3.814156984 19 19 1 T
4.375955461 19 19 3 T
4.375955791 19 19 2 T
4.377201524 19 19 4 T
4.865130158 19 19 5 T
4.902534375 19 19 6 T
4.902534507 19 19 0 T
4.930141131 19 19 1 T
5.595834662 19 19 3 T
5.595834817 19 19 2 T
5.597101495 19 19 4 T
6.173626271 19 19 5 T
6.193531493 19 19 6 T
6.193532055 19 19 0 T
6.230936456 19 19 1 T
6.733810167 19 19 3 T
6.733810520 19 19 2 T
6.735035654 19 19 4 T
7.221385806 19 19 5 T
7.261425706 19 19 6 T
7.261426037 19 19 0 T
7.281411490 19 19 1 T
7.740794095 19 19 3 T
7.740794183 19 19 2 T
7.742027247 19 19 4 T
8.154894921 19 19 5 T
8.176077216 19 19 6 T
8.176077580 19 19 0 T
8.204698639 19 19 1 T
8.476235726 19 19 3 T
8.476235804 19 19 2 T
8.477466299 19 19 4 T
8.756050846 19 19 5 T
8.794845263 19 19 6 T
8.794845649 19 19 0 T
8.819804955 19 19 1 T
9.083911865 19 19 3 T
9.083912097 19 19 2 T
9.085149602 19 19 4 T
9.324069672 19 19 5 T
9.350235957 19 19 6 T
9.350236486 19 19 0 T
9.399092071 19 19 1 T
9.633160179 19 19 3 T
9.633160345 19 19 2 T
9.634276183 19 19 4 T
9.850760187 19 19 5 T
9.868058594 19 19 6 T
9.868059112 19 19 0 T
9.905635819 19 19 1 T
10.065728312 19 19 3 T
10.065728929 19 19 2 T
10.067010915 19 19 4 T
10.172060636 19 19 5 T
10.191962268 19 19 6 T
10.191962621 19 19 0 T
10.208298449 19 19 1 T
10.286584393 19 19 3 T
10.286584790 19 19 2 T
10.287873048 19 19 4 T
10.329378175 19 19 5 T
10.350602611 19 19 6 T
10.350603162 19 19 0 T
10.366846450 19 19 1 T
10.409322646 19 19 3 T
10.409323142 19 19 4 T
10.425559456 19 19 5 T
10.439271694 19 19 6 T
10.439272201 19 19 0 T
10.454812885 19 19 1 T
10.498625589 19 19 3 T
10.498626570 19 19 4 T
10.498626746 19 19 5 T
10.522198246 19 19 6 T
10.522198786 19 19 0 T
10.553866963 19 19 1 T
10.586481563 19 19 3 T
10.586482114 19 19 4 T
10.607633942 19 19 5 T
10.622244960 19 19 6 T
10.622245775 19 19 0 T
10.667190893 19 19 1 T
10.679564205 19 19 3 T
10.679564679 19 19 4 T
10.717447338 19 19 5 T
10.762243270 19 19 6 T
10.762243788 19 19 0 T
10.798130843 19 19 1 T
10.810620517 19 19 3 T
10.810621167 19 19 4 T
10.810621244 19 19 5 T
10.841682208 19 19 6 T
10.841682869 19 19 0 T
0.000569401 18 18 0 S
0.024950552 18 18 1 S
0.024987870 18 18 3 S
0.024991518 18 18 2 S
0.027495949 18 18 4 S
0.231475278 18 18 5 S
0.270055976 18 18 6 S
0.270056241 18 18 0 S
0.282469988 18 18 1 S
0.308971724 18 18 3 S
0.308971801 18 18 2 S
0.310130688 18 18 4 S
0.767823976 18 18 5 S
0.805572507 18 18 6 S
0.805572750 18 18 0 S
0.851818608 18 18 1 S
1.424206191 18 18 3 S
1.424224320 18 18 2 S
1.426605691 18 18 4 S
1.997213943 18 18 5 S
2.043867222 18 18 6 S
2.043867486 18 18 0 S
2.090815041 18 18 1 S
2.651974338 18 18 3 S
2.651974393 18 18 2 S
2.653256026 18 18 4 S
3.251212450 18 18 5 S
3.275366440 18 18 6 S
3.275366693 18 18 0 S
3.314329745 18 18 1 S
3.778012561 18 18 3 S
3.778012825 18 18 2 S
3.779233276 18 18 4 S
4.362251869 18 18 5 S
4.375951581 18 18 6 S
4.375951691 18 18 0 S
4.395924877 18 18 1 S
4.902544547 18 18 3 S
4.902544602 18 18 2 S
4.903853143 18 18 4 S
5.557159696 18 18 5 S
5.595826055 18 18 6 S
5.595826286 18 18 0 S
5.607192870 18 18 1 S
6.193540696 18 18 3 S
6.193540993 18 18 2 S
6.194787001 18 18 4 S
6.697719879 18 18 5 S
6.733804359 18 18 6 S
6.733804646 18 18 0 S
6.779962184 18 18 1 S
7.261433190 18 18 3 S
7.261433388 18 18 2 S
7.262656682 18 18 4 S
7.698170179 18 18 5 S
7.739611397 18 18 6 S
7.739611849 18 18 0 S
7.755893057 18 18 1 S
8.176086948 18 18 3 S
8.176087322 18 18 2 S
8.178537966 18 18 4 S
8.456252974 18 18 5 S
8.476179150 18 18 6 S
8.476179481 18 18 0 S
8.509845485 18 18 1 S
8.795951646 18 18 3 S
8.795952230 18 18 2 S
8.797188854 18 18 4 S
9.068922227 18 18 5 S
9.083859643 18 18 6 S
9.083859973 18 18 0 S
9.123672131 18 18 1 S
9.351462241 18 18 3 S
9.351462594 18 18 4 S
9.584465626 18 18 5 S
9.631658666 18 18 6 S
9.631659040 18 18 0 S
9.655404445 18 18 1 S
9.868060489 18 18 3 S
9.868060809 18 18 2 S
9.869305373 18 18 4 S
10.021055788 18 18 5 S
10.064611812 18 18 6 S
10.064612363 18 18 0 S
10.095723191 18 18 1 S
10.192024060 18 18 3 S
10.192024424 18 18 2 S
10.193333224 18 18 4 S
10.265362071 18 18 5 S
10.286544598 18 18 6 S
10.286544962 18 18 0 S
10.315623473 18 18 1 S
10.353091401 18 18 3 S
10.353092019 18 18 4 S
10.366841821 18 18 5 S
10.408102962 18 18 6 S
10.408103249 18 18 0 S
10.419225289 18 18 1 S
10.440506290 18 18 3 S
10.440506741 18 18 4 S
10.440506852 18 18 5 S
10.452294933 18 18 6 S
10.452295175 18 18 0 S
10.501024255 18 18 1 S
10.522265579 18 18 3 S
10.522265953 18 18 4 S
10.522266163 18 18 5 S
10.536856202 18 18 6 S
10.536856996 18 18 0 S
10.559002027 18 18 1 S
10.586430074 18 18 3 S
10.586430503 18 18 2 S
10.587660085 18 18 4 S
10.587660316 18 18 5 S
10.606398895 18 18 6 S
10.606399248 18 18 0 S
10.658126993 18 18 1 S
10.678315441 18 18 3 S
10.678315639 18 18 2 S
10.680800299 18 18 4 S
10.680800641 18 18 5 S
10.717396990 18 18 6 S
10.717397309 18 18 0 S
10.757258991 18 18 1 S
10.763415790 18 18 3 S
10.763415989 18 18 2 S
10.764647521 18 18 4 S
10.775959400 18 18 5 S
10.810580710 18 18 6 S
10.810581063 18 18 0 S
10.853820087 18 18 1 S
10.853820484 18 18 3 S
10.853820616 18 18 4 S
10.853820716 18 18 5 S
10.891275429 18 18 6 S
10.891321100 18 18 0 S
10.922726901 18 18 1 S
10.922727959 18 18 3 S
10.922728278 18 18 4 S
10.922728477 18 18 5 S
10.959269361 18 18 6 S
10.959269802 18 18 0 S
10.989160141 18 18 1 S
10.989160968 18 18 3 S
10.989161089 18 18 4 S
10.989161210 18 18 5 S
11.024552102 18 18 6 S
11.024552565 18 18 0 S
11.055232205 18 18 1 S
11.055233009 18 18 3 S
11.055233141 18 18 4 S
11.055233252 18 18 5 S
11.103828793 18 18 6 S
11.103829322 18 18 0 S
11.150235759 18 18 1 S
11.150236244 18 18 3 S
11.150236442 18 18 4 S
11.150236552 18 18 5 S
11.181230336 18 18 6 S
11.181230810 18 18 0 S
-1 20 20 7 Local_Section;Entry_Protocol_1;Entry_Protocol_2;Entry_Protocol_3;Entry_Protocol_4;Critical_Section;Exit_Protocol;
