-1  25  15  15
 0.011151722  16  8  2  1
 0.041937113  19  6  0  4
 0.052492085  23  7  9  8
 0.093508819  17  0  13  2
 0.103600804  24  1  13  9
 0.113000837  22  3  13  7
 0.103600804  24  1  13  9
 0.118113191  24  1  12  9
 0.224256548  18  0  6  3
 0.093508819  17  0  13  2
 0.236294939  17  0  12  2
 0.268587027  20  8  13  5
 0.331090328  21  11  10  6
 0.351264810  15  6  12  0
 0.011151722  16  8  2  1
 0.356028264  16  9  2  1
 0.351264810  15  6  12  0
 0.418678350  15  6  13  0
 0.551373928  19  15  15  4
 0.351264810  15  6  12  0
 0.418678350  15  6  13  0
 0.618929720  15  6  14  0
 0.351264810  15  6  12  0
 0.418678350  15  6  13  0
 0.618929720  15  6  14  0
 0.765199466  15  7  14  0
 0.001691803  5  1  4  F
 0.031141785  5  2  4  F
 0.090837215  5  2  5  F
 0.114378546  5  2  4  F
 0.162687405  5  1  4  F
 0.217057317  5  1  3  F
 0.259135185  5  1  4  F
 0.279726046  5  1  5  F
 0.302662889  5  1  6  F
 0.360727688  5  1  7  F
 0.410380901  5  1  8  F
 0.466862636  5  1  9  F
 0.519748942  5  0  9  F
 0.576976580  5  0  8  F
 0.596094569  5  1  8  F
 0.655656919  5  1  7  F
 0.698219454  5  2  7  F
 0.736364790  5  3  7  F
 0.774387958  5  4  7  F
 0.351264810  15  6  12  0
 0.418678350  15  6  13  0
 0.618929720  15  6  14  0
 0.765199466  15  7  14  0
 0.816840359  15  8  14  0
 0.001734404  13  12  4  N
 0.044389318  13  13  4  N
 0.079818030  13  12  4  N
 0.097227247  13  11  4  N
 0.157880104  13  11  3  N
 0.193443441  13  10  3  N
 0.251112651  13  10  2  N
 0.274984918  13  10  3  N
 0.294666028  13  10  4  N
 0.345093014  13  10  5  N
 0.377634979  13  10  6  N
 0.435107420  13  10  5  N
 0.454642615  13  10  4  N
 0.478913402  13  9  4  N
 0.509507874  13  8  4  N
 0.551437528  13  7  4  N
 0.596054227  13  8  4  N
 0.616539650  13  8  3  N
 0.666231207  13  7  3  N
 0.698166025  13  7  4  N
 0.718708823  13  6  4  N
 0.770785156  13  6  3  N
 0.784791722  13  6  4  N
 0.800299512  13  6  3  N
 0.843915265  13  5  3  N
 0.862855817  13  5  4  N
 0.052492085  23  7  9  8
 0.890468285  23  6  9  8
 0.268587027  20  8  13  5
 0.902543700  20  8  12  5
 0.927496281  24  15  15  9
 0.930958429  17  15  15  2
 0.351264810  15  6  12  0
 0.418678350  15  6  13  0
 0.618929720  15  6  14  0
 0.765199466  15  7  14  0
 0.816840359  15  8  14  0
 0.936909162  15  8  13  0
 0.001674070  4  10  7  E
 0.027717739  4  9  7  E
 0.053788065  4  10  7  E
 0.075011316  4  11  7  E
 0.095792175  4  12  7  E
 0.148694303  4  12  6  E
 0.178220355  4  11  6  E
 0.194749652  4  12  6  E
 0.218358296  4  12  7  E
 0.267264735  4  12  6  E
 0.298084332  4  11  6  E
 0.346519977  4  11  5  E
 0.388932133  4  11  6  E
 0.411757084  4  11  7  E
 0.468073568  4  11  8  E
 0.492531670  4  11  7  E
 0.506958027  4  11  8  E
 0.561826279  4  11  9  E
 0.606648507  4  10  9  E
 0.633061769  4  11  9  E
 0.659380121  4  10  9  E
 0.676354254  4  10  8  E
 0.697009465  4  10  7  E
 0.741030225  4  9  7  E
 0.784840183  4  9  6  E
 0.838110228  4  9  5  E
 0.862784466  4  10  5  E
 0.897512092  4  11  5  E
 0.928646290  4  12  5  E
 0.964668904  4  12  4  E
 1.002240256  4  11  4  E
 1.059752241  4  11  5  E
 1.088593479  4  11  4  E
 1.122714829  4  12  4  E
 1.155046088  4  13  4  E
 1.196621170  4  13  3  E
 0.351264810  15  6  12  0
 0.418678350  15  6  13  0
 0.618929720  15  6  14  0
 0.765199466  15  7  14  0
 0.816840359  15  8  14  0
 0.936909162  15  8  13  0
 1.209836575  15  7  13  0
 0.268587027  20  8  13  5
 0.902543700  20  8  12  5
 1.250420901  20  8  11  5
 0.351264810  15  6  12  0
 0.418678350  15  6  13  0
 0.618929720  15  6  14  0
 0.765199466  15  7  14  0
 0.816840359  15  8  14  0
 0.936909162  15  8  13  0
 1.209836575  15  7  13  0
 1.294584015  15  8  13  0
 0.351264810  15  6  12  0
 0.418678350  15  6  13  0
 0.618929720  15  6  14  0
 0.765199466  15  7  14  0
 0.816840359  15  8  14  0
 0.936909162  15  8  13  0
 1.209836575  15  7  13  0
 1.294584015  15  8  13  0
 1.314911076  15  8  12  0
 0.351264810  15  6  12  0
 0.418678350  15  6  13  0
 0.618929720  15  6  14  0
 0.765199466  15  7  14  0
 0.816840359  15  8  14  0
 0.936909162  15  8  13  0
 1.209836575  15  7  13  0
 1.294584015  15  8  13  0
 1.314911076  15  8  12  0
 1.334789384  15  7  12  0
 0.001731588  8  7  2  I
 0.033614567  8  7  1  I
 0.090916705  8  6  1  I
 0.142759734  8  5  1  I
 0.175780768  8  5  2  I
 0.189679962  8  4  2  I
 0.230380114  8  4  3  I
 0.269813967  8  3  3  I
 0.305091345  8  3  4  I
 0.342668086  8  3  5  I
 0.376314019  8  2  5  I
 0.431547480  8  3  5  I
 0.490048184  8  3  4  I
 0.508179223  8  3  3  I
 0.547575842  8  3  4  I
 0.569743639  8  3  3  I
 0.596100407  8  2  3  I
 0.655724422  8  2  4  I
 0.681345341  8  1  4  I
 0.720990266  8  1  3  I
 0.747972635  8  2  3  I
 0.765079855  8  2  4  I
 0.791400496  8  2  3  I
 0.838116777  8  3  3  I
 0.896225080  8  4  3  I
 0.912776953  8  4  4  I
 0.968388002  8  3  4  I
 0.986543186  8  2  4  I
 1.029643064  8  3  4  I
 1.086143158  8  3  3  I
 1.115496504  8  3  2  I
 1.126164079  8  3  3  I
 1.142490484  8  3  4  I
 1.195298713  8  4  4  I
 1.239022747  8  4  5  I
 1.272100944  8  5  5  I
 1.314944241  8  6  5  I
 1.360129710  8  7  5  I
 0.001733264  14  1  6  O
 0.037019396  14  1  5  O
 0.079880426  14  1  6  O
 0.102224739  14  2  6  O
 0.137942443  14  2  5  O
 0.188471916  14  3  5  O
 0.213251153  14  2  5  O
 0.242284704  14  1  5  O
 0.265748396  14  0  5  O
 0.290034292  14  14  5  O
 0.305145570  14  0  5  O
 0.354844751  14  0  4  O
 0.379891826  14  14  4  O
 0.406811339  14  0  4  O
 0.430362997  14  14  4  O
 0.475296341  14  0  4  O
 0.516146686  14  0  3  O
 0.531182877  14  0  2  O
 0.558161665  14  14  2  O
 0.584588155  14  14  1  O
 0.605413626  14  14  0  O
 0.637666042  14  14  14  O
 0.678799689  14  13  14  O
 0.738725849  14  13  0  O
 0.753642355  14  13  14  O
 0.787001583  14  13  0  O
 0.830160154  14  13  14  O
 0.862779454  14  13  13  O
 0.897566433  14  13  14  O
 0.942470494  14  13  0  O
 0.968436212  14  14  0  O
 0.998551204  14  14  14  O
 1.018380447  14  14  0  O
 1.051329386  14  14  1  O
 1.110911981  14  14  0  O
 1.145946786  14  14  1  O
 1.176867140  14  14  0  O
 1.217897337  14  13  0  O
 1.277793504  14  12  0  O
 1.299315456  14  12  1  O
 1.355256970  14  12  0  O
 1.395496435  14  11  0  O
 1.427714912  14  10  0  O
 1.457956362  14  11  0  O
 1.459145931  23  15  15  8
 0.268587027  20  8  13  5
 0.902543700  20  8  12  5
 1.250420901  20  8  11  5
 1.462578629  20  9  11  5
 0.351264810  15  6  12  0
 0.418678350  15  6  13  0
 0.618929720  15  6  14  0
 0.765199466  15  7  14  0
 0.816840359  15  8  14  0
 0.936909162  15  8  13  0
 1.209836575  15  7  13  0
 1.294584015  15  8  13  0
 1.314911076  15  8  12  0
 1.334789384  15  7  12  0
 1.490767882  15  6  12  0
 0.268587027  20  8  13  5
 0.902543700  20  8  12  5
 1.250420901  20  8  11  5
 1.462578629  20  9  11  5
 1.505264763  20  10  11  5
 1.663216657  18  15  15  3
 1.665585145  20  15  15  5
 0.351264810  15  6  12  0
 0.418678350  15  6  13  0
 0.618929720  15  6  14  0
 0.765199466  15  7  14  0
 0.816840359  15  8  14  0
 0.936909162  15  8  13  0
 1.209836575  15  7  13  0
 1.294584015  15  8  13  0
 1.314911076  15  8  12  0
 1.334789384  15  7  12  0
 1.490767882  15  6  12  0
 1.672275231  15  6  13  0
 0.351264810  15  6  12  0
 0.418678350  15  6  13  0
 0.618929720  15  6  14  0
 0.765199466  15  7  14  0
 0.816840359  15  8  14  0
 0.936909162  15  8  13  0
 1.209836575  15  7  13  0
 1.294584015  15  8  13  0
 1.314911076  15  8  12  0
 1.334789384  15  7  12  0
 1.490767882  15  6  12  0
 1.672275231  15  6  13  0
 1.798058090  15  7  13  0
 1.868796560  22  15  15  7
 0.001644253  2  3  1  C
 0.053119214  2  4  1  C
 0.079885552  2  4  0  C
 0.107206012  2  3  0  C
 0.129745412  2  3  1  C
 0.165454319  2  4  1  C
 0.198503327  2  5  1  C
 0.214611934  2  5  2  C
 0.226836653  2  5  3  C
 0.268583376  2  6  3  C
 0.313964436  2  5  3  C
 0.362230273  2  5  2  C
 0.376308045  2  5  3  C
 0.421367121  2  6  3  C
 0.445264708  2  5  3  C
 0.464367148  2  5  4  C
 0.488817227  2  6  4  C
 0.548845770  2  6  5  C
 0.600659599  2  6  4  C
 0.615213614  2  6  3  C
 0.649363818  2  6  2  C
 0.694563757  2  6  1  C
 0.736359423  2  6  2  C
 0.765152901  2  7  2  C
 0.814486478  2  6  2  C
 0.850993859  2  7  2  C
 0.908052155  2  6  2  C
 0.952666985  2  6  3  C
 0.974990624  2  5  3  C
 1.020889272  2  5  2  C
 1.053782030  2  5  1  C
 1.077882109  2  4  1  C
 1.120326191  2  4  0  C
 1.180463781  2  3  0  C
 1.204389529  2  2  0  C
 1.260567276  2  2  1  C
 1.295853505  2  3  1  C
 1.316151082  2  3  0  C
 1.327223623  2  3  14  C
 1.360180567  2  3  0  C
 1.376238275  2  4  0  C
 1.424224838  2  4  14  C
 1.434458834  2  4  0  C
 1.449019263  2  5  0  C
 1.478568973  2  4  0  C
 1.521300993  2  5  0  C
 1.557428090  2  5  14  C
 1.585305299  2  6  14  C
 1.629159984  2  5  14  C
 1.680169792  2  5  0  C
 1.706385261  2  5  14  C
 1.747555859  2  4  14  C
 1.786433391  2  4  0  C
 1.819914547  2  4  1  C
 1.874398904  2  4  2  C
 0.001719318  9  2  7  J
 0.061781651  9  1  7  J
 0.102235086  9  0  7  J
 0.141509005  9  14  7  J
 0.157873137  9  14  6  J
 0.199815825  9  14  7  J
 0.248739142  9  13  7  J
 0.267212813  9  14  7  J
 0.319361849  9  0  7  J
 0.329697743  9  1  7  J
 0.340256034  9  1  8  J
 0.360720888  9  1  9  J
 0.395615155  9  2  9  J
 0.453407179  9  2  10  J
 0.504565833  9  2  11  J
 0.520856343  9  2  10  J
 0.550064402  9  3  10  J
 0.572159718  9  3  11  J
 0.591557765  9  4  11  J
 0.629566998  9  3  11  J
 0.661685469  9  3  10  J
 0.692009390  9  2  10  J
 0.718702514  9  3  10  J
 0.729522001  9  3  11  J
 0.746668611  9  3  10  J
 0.759029180  9  4  10  J
 0.779047241  9  5  10  J
 0.816872363  9  6  10  J
 0.848431939  9  7  10  J
 0.896281733  9  7  9  J
 0.954990182  9  7  8  J
 0.990960470  9  7  9  J
 1.008356851  9  8  9  J
 1.047810428  9  7  9  J
 1.087345155  9  7  10  J
 1.135350174  9  8  10  J
 1.149297599  9  8  9  J
 1.196615427  9  8  8  J
 1.250353776  9  9  8  J
 1.263051013  9  8  8  J
 1.277732571  9  7  8  J
 1.306116315  9  7  7  J
 1.358893115  9  6  7  J
 1.403281313  9  6  6  J
 1.433279164  9  6  7  J
 1.450187061  9  7  7  J
 1.509802153  9  7  8  J
 1.555011509  9  8  8  J
 1.573817287  9  7  8  J
 1.607112574  9  8  8  J
 1.665581975  9  9  8  J
 1.724319696  9  9  7  J
 1.780918207  9  8  7  J
 1.817552567  9  8  8  J
 1.836760321  9  7  8  J
 1.884356211  9  8  8  J
 0.011151722  16  8  2  1
 0.356028264  16  9  2  1
 2.163728772  16  9  3  1
 0.351264810  15  6  12  0
 0.418678350  15  6  13  0
 0.618929720  15  6  14  0
 0.765199466  15  7  14  0
 0.816840359  15  8  14  0
 0.936909162  15  8  13  0
 1.209836575  15  7  13  0
 1.294584015  15  8  13  0
 1.314911076  15  8  12  0
 1.334789384  15  7  12  0
 1.490767882  15  6  12  0
 1.672275231  15  6  13  0
 1.798058090  15  7  13  0
 2.215803589  15  7  12  0
 2.365009579  21  15  15  6
 2.382273186  15  15  15  0
 2.412146727  16  15  15  1
 0.001662133  0  9  1  A
 0.059217607  0  10  1  A
 0.099635492  0  10  2  A
 0.126341211  0  11  2  A
 0.160298841  0  11  1  A
 0.188401728  0  11  0  A
 0.239675203  0  10  0  A
 0.288948809  0  11  0  A
 0.308498193  0  12  0  A
 0.345175195  0  12  14  A
 0.403183719  0  12  0  A
 0.448674140  0  12  1  A
 0.472941046  0  13  1  A
 0.507009512  0  13  0  A
 0.550156667  0  13  14  A
 0.601840558  0  14  14  A
 0.621387228  0  0  14  A
 0.637792120  0  0  0  A
 0.681202690  0  1  0  A
 0.708482484  0  1  1  A
 0.761666677  0  0  1  A
 0.821399791  0  0  0  A
 0.865176273  0  1  0  A
 0.886010502  0  0  0  A
 0.912697839  0  0  14  A
 0.924126855  0  0  13  A
 0.951375181  0  1  13  A
 1.010535338  0  2  13  A
 1.060992582  0  1  13  A
 1.083764439  0  1  12  A
 1.129600147  0  1  11  A
 1.141226133  0  0  11  A
 1.165760775  0  1  11  A
 1.176806021  0  2  11  A
 1.225897568  0  3  11  A
 1.255905212  0  2  11  A
 1.281089797  0  1  11  A
 1.304914223  0  2  11  A
 1.325970089  0  2  12  A
 1.337070253  0  2  13  A
 1.370767250  0  2  12  A
 1.418710721  0  2  13  A
 1.439986428  0  1  13  A
 1.478524968  0  1  14  A
 1.505153887  0  1  0  A
 1.530175151  0  0  0  A
 1.567133197  0  0  14  A
 1.581756366  0  0  0  A
 1.600397222  0  14  0  A
 1.652115512  0  13  0  A
 1.690055161  0  13  1  A
 1.720751785  0  12  1  A
 1.763386603  0  12  0  A
 1.808557656  0  13  0  A
 1.863398895  0  13  1  A
 1.911815190  0  13  2  A
 1.959284558  0  14  2  A
 1.971368804  0  0  2  A
 2.013344072  0  1  2  A
 2.043810917  0  0  2  A
 2.077680415  0  0  3  A
 2.125018801  0  0  4  A
 2.151128936  0  0  3  A
 2.202893080  0  14  3  A
 2.244892452  0  14  2  A
 2.290115616  0  14  1  A
 2.310134118  0  0  1  A
 2.344954345  0  14  1  A
 2.399526792  0  14  0  A
 2.426852725  0  0  0  A
 0.001581595  6  0  11  G
 0.053076320  6  0  10  G
 0.086055422  6  14  10  G
 0.104858711  6  14  11  G
 0.135356262  6  14  12  G
 0.192195139  6  14  11  G
 0.220115828  6  14  12  G
 0.236323176  6  13  12  G
 0.290083547  6  13  13  G
 0.323930226  6  13  14  G
 0.381110113  6  13  13  G
 0.416301450  6  13  14  G
 0.439643009  6  14  14  G
 0.491270436  6  14  0  G
 0.516206726  6  0  0  G
 0.570991282  6  1  0  G
 0.629491148  6  2  0  G
 0.645624601  6  1  0  G
 0.656952690  6  1  1  G
 0.703654166  6  2  1  G
 0.729581622  6  3  1  G
 0.783548526  6  3  2  G
 0.840488623  6  4  2  G
 0.854697118  6  5  2  G
 0.893819203  6  4  2  G
 0.931018566  6  4  1  G
 0.964677096  6  5  1  G
 1.019579431  6  5  0  G
 1.080340444  6  6  0  G
 1.137927463  6  6  1  G
 1.180512104  6  5  1  G
 1.214467064  6  5  0  G
 1.245916362  6  5  1  G
 1.261807492  6  5  2  G
 1.291003089  6  4  2  G
 1.314888677  6  3  2  G
 1.344852442  6  3  1  G
 1.380555050  6  3  0  G
 1.412235432  6  3  1  G
 1.439834507  6  3  2  G
 1.475085970  6  4  2  G
 1.506448673  6  4  3  G
 1.524826648  6  4  2  G
 1.584138182  6  4  1  G
 1.617902483  6  4  2  G
 1.638889635  6  3  2  G
 1.664411604  6  2  2  G
 1.723139417  6  3  2  G
 1.752231965  6  4  2  G
 1.811991423  6  5  2  G
 1.863345832  6  5  3  G
 1.880790580  6  6  3  G
 1.920525260  6  6  2  G
 1.970199898  6  7  2  G
 1.989266351  6  7  3  G
 2.007929637  6  7  2  G
 2.032881046  6  6  2  G
 2.050424222  6  5  2  G
 2.095662107  6  5  3  G
 2.112368777  6  5  2  G
 2.150981149  6  6  2  G
 2.172641461  6  6  3  G
 2.219140215  6  7  3  G
 2.232715733  6  7  4  G
 2.291294150  6  6  4  G
 2.335043166  6  7  4  G
 2.365054493  6  6  4  G
 2.385814753  6  6  5  G
 2.436921254  6  5  5  G
 0.001639522  7  0  12  H
 0.023023848  7  1  12  H
 0.045730806  7  2  12  H
 0.063038596  7  2  13  H
 0.083513357  7  1  13  H
 0.095852282  7  1  14  H
 0.123678687  7  1  13  H
 0.136603748  7  2  13  H
 0.187178649  7  1  13  H
 0.242139543  7  0  13  H
 0.274988454  7  0  14  H
 0.303851245  7  0  0  H
 0.326358933  7  1  0  H
 0.372559515  7  1  1  H
 0.406860396  7  0  1  H
 0.421246212  7  1  1  H
 0.470479959  7  1  2  H
 0.519699814  7  1  1  H
 0.545269698  7  1  2  H
 0.559392423  7  1  1  H
 0.588932455  7  1  2  H
 0.648000339  7  1  3  H
 0.681337002  7  0  3  H
 0.713197405  7  0  4  H
 0.746757717  7  14  4  H
 0.802592976  7  14  3  H
 0.833647790  7  14  4  H
 0.855953843  7  0  4  H
 0.881396173  7  0  5  H
 0.917326667  7  1  5  H
 0.931024467  7  0  5  H
 0.985350071  7  1  5  H
 1.030863109  7  2  5  H
 1.067464199  7  1  5  H
 1.122774955  7  0  5  H
 1.137863132  7  14  5  H
 1.192804189  7  14  6  H
 1.243596817  7  14  7  H
 1.295847971  7  13  7  H
 1.351596468  7  12  7  H
 1.376317525  7  12  6  H
 1.404448096  7  12  7  H
 1.427656418  7  12  6  H
 1.485168550  7  12  5  H
 1.520068300  7  11  5  H
 1.577251305  7  11  6  H
 1.604793510  7  10  6  H
 1.653286458  7  10  5  H
 1.672239073  7  11  5  H
 1.696577686  7  10  5  H
 1.751047543  7  11  5  H
 1.804953860  7  10  5  H
 1.841301403  7  10  6  H
 1.868863987  7  9  6  H
 1.920585385  7  10  6  H
 1.975962489  7  11  6  H
 2.024074610  7  11  7  H
 2.051663527  7  11  6  H
 2.104212516  7  11  7  H
 2.128495660  7  11  8  H
 2.169381668  7  10  8  H
 2.189325805  7  10  7  H
 2.202959942  7  9  7  H
 2.236141485  7  8  7  H
 2.280151647  7  8  6  H
 2.336217125  7  7  6  H
 2.384590838  7  7  7  H
 2.435733474  7  8  7  H
 2.476715054  7  9  7  H
 2.523191220  7  10  7  H
 2.542778861  7  11  7  H
 2.568768484  7  12  7  H
 2.594683073  7  12  6  H
 2.648954119  7  12  5  H
 0.001716849  12  8  14  M
 0.041882522  12  8  0  M
 0.074963000  12  7  0  M
 0.113479810  12  7  1  M
 0.172071306  12  8  1  M
 0.218305598  12  9  1  M
 0.239682714  12  8  1  M
 0.278416455  12  7  1  M
 0.302715376  12  7  2  M
 0.362154717  12  8  2  M
 0.376254426  12  8  3  M
 0.395511748  12  8  2  M
 0.442932912  12  7  2  M
 0.497005397  12  8  2  M
 0.532371253  12  8  1  M
 0.565288084  12  7  1  M
 0.591499618  12  7  0  M
 0.638981595  12  7  14  M
 0.655551296  12  7  0  M
 0.695796503  12  8  0  M
 0.710848366  12  8  1  M
 0.761601698  12  7  1  M
 0.814431436  12  7  0  M
 0.849821939  12  8  0  M
 0.890395572  12  9  0  M
 0.919758669  12  9  1  M
 0.933378391  12  9  0  M
 0.981909295  12  8  0  M
 1.011728589  12  8  14  M
 1.033273538  12  9  14  M
 1.071278983  12  10  14  M
 1.108545304  12  10  0  M
 1.153879316  12  11  0  M
 1.185231566  12  11  14  M
 1.204397658  12  12  14  M
 1.230491252  12  11  14  M
 1.289761471  12  11  0  M
 1.347151396  12  11  1  M
 1.380619162  12  10  1  M
 1.395442513  12  9  1  M
 1.419938193  12  10  1  M
 1.442159576  12  9  1  M
 1.502770502  12  10  1  M
 1.515761108  12  10  0  M
 1.564777672  12  10  1  M
 1.578418160  12  11  1  M
 1.627991497  12  10  1  M
 1.685719700  12  9  1  M
 1.706435071  12  9  0  M
 1.756629591  12  8  0  M
 1.808563327  12  7  0  M
 1.858689970  12  8  0  M
 1.894128119  12  8  14  M
 1.930178610  12  9  14  M
 1.982622497  12  9  0  M
 1.997753872  12  9  1  M
 2.029434433  12  8  1  M
 2.058320846  12  9  1  M
 2.107606213  12  10  1  M
 2.124941235  12  10  2  M
 2.169422261  12  9  2  M
 2.190610673  12  10  2  M
 2.234948297  12  10  1  M
 2.286645015  12  9  1  M
 2.304730794  12  10  1  M
 2.344887398  12  9  1  M
 2.366223618  12  8  1  M
 2.400695824  12  8  0  M
 2.435750119  12  8  14  M
 2.447519078  12  8  0  M
 2.506920692  12  8  14  M
 2.526586475  12  8  0  M
 2.574158386  12  8  1  M
 2.617416250  12  9  1  M
 2.654451685  12  9  2  M
 2.712400451  12  8  2  M
 2.766056641  12  9  2  M
 2.777019708  12  10  2  M
 2.818910766  12  9  2  M
 2.852358861  12  9  3  M
 2.865366050  12  9  2  M
 2.903920230  12  9  3  M
 2.927345202  12  9  4  M
 2.948168373  12  9  5  M
 2.990907455  12  10  5  M
 3.004729774  12  10  4  M
 3.015667094  12  10  5  M
 3.033093534  12  11  5  M
 3.067861251  12  11  4  M
 3.084184758  12  12  4  M
 3.142489810  12  13  4  M
 0.001719956  10  6  4  K
 0.038258815  10  7  4  K
 0.097146367  10  8  4  K
 0.153304579  10  8  5  K
 0.164124109  10  9  5  K
 0.213170752  10  9  6  K
 0.225496681  10  8  6  K
 0.254884070  10  8  5  K
 0.308576970  10  8  6  K
 0.347825068  10  9  6  K
 0.364726710  10  8  6  K
 0.424682322  10  9  6  K
 0.452107802  10  10  6  K
 0.464434054  10  10  7  K
 0.477643297  10  10  8  K
 0.529936070  10  10  7  K
 0.565281105  10  11  7  K
 0.622719385  10  10  7  K
 0.681270359  10  10  6  K
 0.706070161  10  9  6  K
 0.753586833  10  10  6  K
 0.773145661  10  10  7  K
 0.821286248  10  9  7  K
 0.849816038  10  10  7  K
 0.878981434  10  10  6  K
 0.918541229  10  10  5  K
 0.965984352  10  10  6  K
 1.001045623  10  10  5  K
 1.030856947  10  10  6  K
 1.046642086  10  11  6  K
 1.057332071  10  11  7  K
 1.071270415  10  11  8  K
 1.091998266  10  11  9  K
 1.117870368  10  10  9  K
 1.130869563  10  10  10  K
 1.182875916  10  10  9  K
 1.229316278  10  9  9  K
 1.277723291  10  9  8  K
 1.293315604  10  9  7  K
 1.350433891  10  8  7  K
 1.392096283  10  8  8  K
 1.450235552  10  8  9  K
 1.479690777  10  7  9  K
 1.522477192  10  8  9  K
 1.548415017  10  7  9  K
 1.607107573  10  6  9  K
 1.644543673  10  5  9  K
 1.674592923  10  6  9  K
 1.696633273  10  5  9  K
 1.707553937  10  4  9  K
 1.759067944  10  5  9  K
 1.807316060  10  5  10  K
 1.825712187  10  5  9  K
 1.868857260  10  4  9  K
 1.888767992  10  4  8  K
 1.943012556  10  4  9  K
 2.001304406  10  4  10  K
 2.053970644  10  4  11  K
 2.065898325  10  5  11  K
 2.092217481  10  5  10  K
 2.109993898  10  5  11  K
 2.162551182  10  5  12  K
 2.178398412  10  5  13  K
 2.199588594  10  6  13  K
 2.221465106  10  7  13  K
 2.242676314  10  8  13  K
 2.296740661  10  8  14  K
 2.333783188  10  8  13  K
 2.363792505  10  8  14  K
 2.422165697  10  7  14  K
 2.473080562  10  8  14  K
 2.484244239  10  9  14  K
 2.516666404  10  10  14  K
 2.567596513  10  9  14  K
 2.588267021  10  8  14  K
 2.618592721  10  9  14  K
 2.658919262  10  8  14  K
 2.719071423  10  8  13  K
 2.773694025  10  7  13  K
 2.800769255  10  7  12  K
 2.830966272  10  7  11  K
 2.885725583  10  6  11  K
 2.929658565  10  5  11  K
 2.972991714  10  4  11  K
 3.031921301  10  3  11  K
 3.058025618  10  3  10  K
 3.070185724  10  3  9  K
 3.125034809  10  3  10  K
 3.165816481  10  4  10  K
 3.203948800  10  4  11  K
 0.001659600  3  4  9  D
 0.012522378  3  4  10  D
 0.060462698  3  5  10  D
 0.082237185  3  5  9  D
 0.135424192  3  5  10  D
 0.174521710  3  5  11  D
 0.207467950  3  5  12  D
 0.252404548  3  4  12  D
 0.285289522  3  4  11  D
 0.337890424  3  5  11  D
 0.365970179  3  5  12  D
 0.424689886  3  6  12  D
 0.469227921  3  5  12  D
 0.505802690  3  5  13  D
 0.556960025  3  5  12  D
 0.574602946  3  5  13  D
 0.623958544  3  6  13  D
 0.654275248  3  5  13  D
 0.669569926  3  6  13  D
 0.704814650  3  7  13  D
 0.731977783  3  6  13  D
 0.786998319  3  7  13  D
 0.840563019  3  6  13  D
 0.853466005  3  7  13  D
 0.908015885  3  8  13  D
 0.936835477  3  7  13  D
 0.948056350  3  6  13  D
 0.977276869  3  6  14  D
 1.005771194  3  6  13  D
 1.020815201  3  6  12  D
 1.033267847  3  7  12  D
 1.059800419  3  7  11  D
 1.086150209  3  6  11  D
 1.135406617  3  6  12  D
 1.146009402  3  7  12  D
 1.169186789  3  6  12  D
 1.197854732  3  7  12  D
 1.211041962  3  6  12  D
 1.257211128  3  7  12  D
 1.320481269  3  7  13  D
 1.357653527  3  6  13  D
 1.390927837  3  6  12  D
 1.419932732  3  6  13  D
 1.469369977  3  7  13  D
 1.496222564  3  7  12  D
 1.540916130  3  8  12  D
 1.555018843  3  8  13  D
 1.590646437  3  8  12  D
 1.621241568  3  7  12  D
 1.677874832  3  6  12  D
 1.726701606  3  5  12  D
 1.767715734  3  6  12  D
 1.803708372  3  6  13  D
 1.836830333  3  5  13  D
 1.859866398  3  5  14  D
 1.883174216  3  6  14  D
 1.943005881  3  6  0  D
 1.967866197  3  5  0  D
 1.983790618  3  5  14  D
 2.039459868  3  6  14  D
 2.080036944  3  7  14  D
 2.121302663  3  7  0  D
 2.169376040  3  7  1  D
 2.184859328  3  6  1  D
 2.242670434  3  5  1  D
 2.267070743  3  5  0  D
 2.297983723  3  5  14  D
 2.312526626  3  6  14  D
 2.336212648  3  7  14  D
 2.359339555  3  7  13  D
 2.415517930  3  8  13  D
 2.474365347  3  9  13  D
 2.487669710  3  8  13  D
 2.531065569  3  8  12  D
 2.568818922  3  8  11  D
 2.608848453  3  9  11  D
 2.629591924  3  9  12  D
 2.661314929  3  9  11  D
 2.703889556  3  9  12  D
 2.725622070  3  8  12  D
 2.779430901  3  8  11  D
 2.835281604  3  8  12  D
 2.891104111  3  7  12  D
 2.936377034  3  6  12  D
 2.963178775  3  6  13  D
 3.009145291  3  7  13  D
 3.043841928  3  7  12  D
 3.064511453  3  7  11  D
 3.095241440  3  7  12  D
 3.140260354  3  7  11  D
 3.163524001  3  7  12  D
 3.218076946  3  6  12  D
 3.258516256  3  7  12  D
 0.001693048  1  4  13  B
 0.050005085  1  4  14  B
 0.086064147  1  5  14  B
 0.123991711  1  4  14  B
 0.182631760  1  4  13  B
 0.218299080  1  4  14  B
 0.251102963  1  4  0  B
 0.271156480  1  5  0  B
 0.331239655  1  4  0  B
 0.357225878  1  3  0  B
 0.374990222  1  2  0  B
 0.414012851  1  2  14  B
 0.453352202  1  2  0  B
 0.482330325  1  3  0  B
 0.533532260  1  2  0  B
 0.548742540  1  2  14  B
 0.600723282  1  3  14  B
 0.655726985  1  4  14  B
 0.704861079  1  5  14  B
 0.770789864  1  6  14  B
 0.822454788  1  7  14  B
 0.860399102  1  7  0  B
 0.885946830  1  7  14  B
 0.939123992  1  7  0  B
 0.964730714  1  7  14  B
 1.008294969  1  6  14  B
 1.020885966  1  7  14  B
 1.069983173  1  6  14  B
 1.099808545  1  5  14  B
 1.135356367  1  6  14  B
 1.179230428  1  6  13  B
 1.224575537  1  6  14  B
 1.267575649  1  7  14  B
 1.297021365  1  7  13  B
 1.320476446  1  8  13  B
 1.353945287  1  8  14  B
 1.410954969  1  8  0  B
 1.442215289  1  9  0  B
 1.496229061  1  8  0  B
 1.513399546  1  8  14  B
 1.555026240  1  9  14  B
 1.573824203  1  9  13  B
 1.625685615  1  10  13  B
 1.657845598  1  11  13  B
 1.702959833  1  11  14  B
 1.735345713  1  10  14  B
 1.777578129  1  9  14  B
 1.833327758  1  10  14  B
 1.846853373  1  10  0  B
 1.897292141  1  9  0  B
 1.949672019  1  9  1  B
 1.978256759  1  8  1  B
 2.002492123  1  8  0  B
 2.039400496  1  7  0  B
 2.087636318  1  8  0  B
 2.117876314  1  8  1  B
 2.178326843  1  8  0  B
 2.199524032  1  7  0  B
 2.229144464  1  8  0  B
 2.269464643  1  8  1  B
 2.302424295  1  8  2  B
 2.350738050  1  7  2  B
 2.381108192  1  8  2  B
 2.433374978  1  7  2  B
 2.450963569  1  6  2  B
 2.494202100  1  5  2  B
 2.509222568  1  5  3  B
 2.542766286  1  4  3  B
 2.562058563  1  5  3  B
 2.584838862  1  4  3  B
 2.642374177  1  3  3  B
 2.660120004  1  3  2  B
 2.719134018  1  3  1  B
 2.762703610  1  3  2  B
 2.779378904  1  3  1  B
 2.816635914  1  2  1  B
 2.871927902  1  2  2  B
 2.930830306  1  1  2  B
 2.980205992  1  0  2  B
 3.014495499  1  0  3  B
 3.074573296  1  1  3  B
 3.132569090  1  1  2  B
 3.152471065  1  1  3  B
 3.173363620  1  1  2  B
 3.205182748  1  2  2  B
 3.255117894  1  2  3  B
 3.301088637  1  2  4  B
 3.315604696  1  2  5  B
 3.366580325  1  2  6  B
 3.420414725  1  2  7  B
 3.435193351  1  2  6  B
 0.001705456  11  0  4  L
 0.031178548  11  14  4  L
 0.051256420  11  0  4  L
 0.063032727  11  0  3  L
 0.076321397  11  14  3  L
 0.090764306  11  13  3  L
 0.147389013  11  14  3  L
 0.197137293  11  13  3  L
 0.231704612  11  13  2  L
 0.248732938  11  12  2  L
 0.273746793  11  12  1  L
 0.288814080  11  11  1  L
 0.314035693  11  11  0  L
 0.354781949  11  11  14  L
 0.408097241  11  11  13  L
 0.439582559  11  11  12  L
 0.476445118  11  10  12  L
 0.526459054  11  10  13  L
 0.548747468  11  10  12  L
 0.605407506  11  10  11  L
 0.623994534  11  10  12  L
 0.651856418  11  10  13  L
 0.674070844  11  9  13  L
 0.704867984  11  9  14  L
 0.765147493  11  10  14  L
 0.799062980  11  10  13  L
 0.852234504  11  9  13  L
 0.911408724  11  9  14  L
 0.942534899  11  8  14  L
 0.990969687  11  9  14  L
 1.014986227  11  9  0  L
 1.038725710  11  8  0  L
 1.068764708  11  9  0  L
 1.112178582  11  8  0  L
 1.153873290  11  8  14  L
 1.215638210  11  8  13  L
 1.255851186  11  8  12  L
 1.293361492  11  9  12  L
 1.340406638  11  8  12  L
 1.376246299  11  9  12  L
 1.402043849  11  8  12  L
 1.468199240  11  8  11  L
 1.511038247  11  9  11  L
 1.532521856  11  8  11  L
 1.569501683  11  7  11  L
 1.630355903  11  6  11  L
 1.666808066  11  5  11  L
 1.716092596  11  6  11  L
 1.737774902  11  6  10  L
 1.772171980  11  6  11  L
 1.800960530  11  5  11  L
 1.859923332  11  4  11  L
 1.919252455  11  4  12  L
 1.973665165  11  4  13  L
 1.998925593  11  3  13  L
 2.044984124  11  4  13  L
 2.091034691  11  5  13  L
 2.123673095  11  4  13  L
 2.136102987  11  3  13  L
 2.166039194  11  3  14  L
 2.194043215  11  3  13  L
 2.230384408  11  4  13  L
 2.286639742  11  4  12  L
 2.347323178  11  5  12  L
 2.393183922  11  5  11  L
 2.424477260  11  6  11  L
 2.474322242  11  7  11  L
 2.525409409  11  8  11  L
 2.551380304  11  8  10  L
 2.601179787  11  7  10  L
 2.628347544  11  6  10  L
 2.661359016  11  6  9  L
 2.686993241  11  6  8  L
 2.713572590  11  7  8  L
 2.738338810  11  7  9  L
 2.759439005  11  7  8  L
 2.798461218  11  7  9  L
 2.821289286  11  8  9  L
 2.845875496  11  9  9  L
 2.864103320  11  8  9  L
 2.916669026  11  9  9  L
 2.932070490  11  9  10  L
 2.982412128  11  9  9  L
 3.022298278  11  10  9  L
 3.053488407  11  9  9  L
 3.092809459  11  9  8  L
 3.112185064  11  9  7  L
 3.143799567  11  9  6  L
 3.159104916  11  8  6  L
 3.177671042  11  8  7  L
 3.237147344  11  9  7  L
 3.292755348  11  9  8  L
 3.323150127  11  10  8  L
 3.352575704  11  10  9  L
 3.364190255  11  9  9  L
 3.417037464  11  8  9  L
 3.462505704  11  9  9  L
 3.514934714  11  10  9  L
 3.533897215  11  10  10  L
 3.545567801  11  9  10  L
