 0.001905298  1  1  0  B
 0.037903170  1  1  1  B
 0.037906201  1  1  2  B
 0.052219874  1  1  3  B
 0.052221284  1  1  0  B
 0.066278763  1  1  1  B
 0.106902156  1  1  2  B
 0.129082718  1  1  3  B
 0.129085087  1  1  0  B
 0.166708413  1  1  1  B
 0.189604039  1  1  2  B
 0.228633610  1  1  3  B
 0.228634723  1  1  0  B
 0.252248598  1  1  1  B
 0.254955584  1  1  2  B
 0.293994544  1  1  3  B
 0.293997641  1  1  0  B
 0.314588758  1  1  1  B
 0.320218532  1  1  2  B
 0.335786779  1  1  3  B
 0.335788630  1  1  0  B
 0.381507762  1  1  1  B
 0.385339231  1  1  2  B
 0.413726362  1  1  3  B
 0.413728633  1  1  0  B
 0.451278701  1  1  1  B
 0.451279550  1  1  2  B
 0.472682043  1  1  3  B
 0.472684302  1  1  0  B
 0.495931773  1  1  1  B
 0.495934363  1  1  2  B
 0.535947754  1  1  3  B
 0.535950091  1  1  0  B
 0.579798268  1  1  1  B
 0.585870854  1  1  2  B
 0.618339023  1  1  3  B
 0.618341392  1  1  0  B
 0.637817417  1  1  1  B
 0.663610958  1  1  2  B
 0.712994656  1  1  3  B
 0.712995571  1  1  0  B
 0.743196349  1  1  1  B
 0.743197396  1  1  2  B
 0.790489524  1  1  3  B
 0.790490604  1  1  0  B
 0.805831166  1  1  1  B
 0.821287781  1  1  2  B
 0.835543926  1  1  3  B
 0.835546405  1  1  0  B
 0.854639417  1  1  1  B
 0.854641930  1  1  2  B
 0.904605223  1  1  3  B
 0.904607648  1  1  0  B
 0.959181383  1  1  1  B
 0.959182518  1  1  2  B
 1.007337157  1  1  3  B
 1.007338270  1  1  0  B
 1.019313487  1  1  1  B
 1.056576559  1  1  2  B
 1.094229803  1  1  3  B
 1.094232194  1  1  0  B
 1.125858251  1  1  1  B
 1.125859882  1  1  2  B
 1.175842407  1  1  3  B
 1.175844677  1  1  0  B
 1.227348770  1  1  1  B
 1.242479329  1  1  2  B
 1.272344783  1  1  3  B
 1.272347483  1  1  0  B
 1.292071182  1  1  1  B
 1.340041715  1  1  2  B
 1.362782067  1  1  3  B
 1.362784790  1  1  0  B
 1.381292124  1  1  1  B
 1.413122784  1  1  2  B
 1.440013265  1  1  3  B
 1.440014334  1  1  0  B
 0.001670309  0  0  0  A
 0.042988089  0  0  1  A
 0.052222640  0  0  2  A
 0.106896414  0  0  3  A
 0.106899037  0  0  0  A
 0.140021566  0  0  1  A
 0.140023803  0  0  2  A
 0.189598552  0  0  3  A
 0.189600955  0  0  0  A
 0.220314242  0  0  1  A
 0.228635451  0  0  2  A
 0.254950669  0  0  3  A
 0.254952675  0  0  0  A
 0.281477767  0  0  1  A
 0.294000088  0  0  2  A
 0.320216724  0  0  3  A
 0.320217793  0  0  0  A
 0.352265767  0  0  1  A
 0.352268721  0  0  2  A
 0.385337500  0  0  3  A
 0.385338514  0  0  0  A
 0.438230095  0  0  1  A
 0.438232376  0  0  2  A
 0.449029274  0  0  3  A
 0.449031423  0  0  0  A
 0.503315162  0  0  1  A
 0.535952968  0  0  2  A
 0.585836568  0  0  3  A
 0.585838354  0  0  0  A
 0.597618972  0  0  1  A
 0.618345008  0  0  2  A
 0.663604356  0  0  3  A
 0.663606814  0  0  0  A
 0.698693296  0  0  1  A
 0.712996431  0  0  2  A
 0.742697925  0  0  3  A
 0.742700714  0  0  0  A
 0.786121773  0  0  1  A
 0.790491473  0  0  2  A
 0.820920772  0  0  3  A
 0.820922480  0  0  0  A
 0.867668581  0  0  1  A
 0.904610313  0  0  2  A
 0.952871779  0  0  3  A
 0.952874776  0  0  0  A
 0.999319960  0  0  1  A
 1.007338907  0  0  2  A
 1.056570616  0  0  3  A
 1.056572942  0  0  0  A
 1.099021606  0  0  1  A
 1.099024020  0  0  2  A
 1.121926844  0  0  3  A
 1.121929622  0  0  0  A
 1.156721820  0  0  1  A
 1.175847586  0  0  2  A
 1.187387122  0  0  3  A
 1.187389657  0  0  0  A
 1.216252487  0  0  1  A
 1.216256157  0  0  2  A
 1.242475967  0  0  3  A
 1.242477609  0  0  0  A
 1.290175230  0  0  1  A
 1.290177986  0  0  2  A
 1.340035939  0  0  3  A
 1.340038088  0  0  0  A
 1.368117305  0  0  1  A
 1.368119211  0  0  2  A
 1.413116018  0  0  3  A
 1.413118421  0  0  0  A
 1.431869395  0  0  1  A
 1.440015072  0  0  2  A
 1.483774410  0  0  3  A
 1.483775842  0  0  0  A
 1.513693800  0  0  1  A
 1.513696666  0  0  2  A
 1.567918302  0  0  3  A
 1.567921432  0  0  0  A
-1  2  2  4 LOCAL_SECTION;ENTRY_PROTOCOL;CRITICAL_SECTION;EXIT_PROTOCOL;EXTRA_LABEL;
