 0.004075164  4  4  0  E
 0.033787803  4  4  1  E
 0.036285398  4  4  3  E
 0.036286059  4  4  2  E
 0.038593222  4  4  4  E
 0.098535021  4  4  5  E
 0.131736235  4  4  6  E
 0.131738086  4  4  0  E
 0.166607728  4  4  1  E
 0.242998794  4  4  3  E
 0.242999400  4  4  2  E
 0.244107542  4  4  4  E
 0.362520133  4  4  5  E
 0.406112330  4  4  6  E
 0.406114358  4  4  0  E
 0.449087967  4  4  1  E
 0.599631589  4  4  3  E
 0.599632140  4  4  2  E
 0.600893232  4  4  4  E
 0.700384590  4  4  5  E
 0.719870485  4  4  6  E
 0.719872138  4  4  0  E
 0.736844347  4  4  1  E
 0.974935526  4  4  3  E
 0.974936485  4  4  4  E
 1.093588585  4  4  5  E
 1.142554639  4  4  6  E
 1.142556579  4  4  0  E
 1.186869941  4  4  1  E
 1.443293147  4  4  3  E
 1.443302449  4  4  2  E
 1.445687165  4  4  4  E
 1.556589118  4  4  5  E
 1.598671986  4  4  6  E
 1.598674234  4  4  0  E
 1.627561878  4  4  1  E
 1.878848468  4  4  3  E
 1.878849691  4  4  4  E
 2.032691083  4  4  5  E
 2.046761864  4  4  6  E
 2.046764101  4  4  0  E
 2.096063529  4  4  1  E
 2.331731717  4  4  3  E
 2.331733998  4  4  2  E
 2.332908630  4  4  4  E
 2.452045397  4  4  5  E
 2.494191076  4  4  6  E
 2.494193170  4  4  0  E
 2.521750795  4  4  1  E
 2.760973568  4  4  3  E
 2.760974197  4  4  2  E
 2.762196241  4  4  4  E
 2.896398750  4  4  5  E
 2.915000649  4  4  6  E
 2.915002809  4  4  0  E
 2.960294937  4  4  1  E
 3.214774207  4  4  3  E
 3.214774857  4  4  2  E
 3.215968908  4  4  4  E
 3.358526462  4  4  5  E
 3.374217149  4  4  6  E
 3.374219254  4  4  0  E
 3.418130034  4  4  1  E
 3.661891244  4  4  3  E
 3.661892842  4  4  2  E
 3.663122620  4  4  4  E
 3.752939684  4  4  5  E
 3.790294059  4  4  6  E
 3.790296241  4  4  0  E
 3.803458777  4  4  1  E
 4.079246682  4  4  3  E
 4.079250396  4  4  2  E
 4.081681685  4  4  4  E
 4.180556032  4  4  5  E
 4.201544052  4  4  6  E
 4.201546135  4  4  0  E
 4.241105024  4  4  1  E
 4.524390460  4  4  3  E
 4.524391331  4  4  2  E
 4.526951720  4  4  4  E
 4.640676807  4  4  5  E
 4.686725374  4  4  6  E
 4.686727424  4  4  0  E
 0.003847841  2  2  0  C
 0.035070996  2  2  1  C
 0.037512538  2  2  3  C
 0.037513574  2  2  4  C
 0.037513904  2  2  5  C
 0.050352028  2  2  6  C
 0.050354056  2  2  0  C
 0.074740533  2  2  1  C
 0.242772399  2  2  3  C
 0.242772763  2  2  2  C
 0.243974914  2  2  4  C
 0.300926961  2  2  5  C
 0.313791701  2  2  6  C
 0.313793662  2  2  0  C
 0.352065406  2  2  1  C
 0.599760853  2  2  3  C
 0.599761228  2  2  2  C
 0.601010462  2  2  4  C
 0.665766920  2  2  5  C
 0.685519749  2  2  6  C
 0.685521810  2  2  0  C
 0.711450372  2  2  1  C
 0.974277933  2  2  3  C
 0.974278385  2  2  2  C
 0.975482839  2  2  4  C
 1.055497926  2  2  5  C
 1.075375100  2  2  6  C
 1.075376577  2  2  0  C
 1.117785149  2  2  1  C
 1.443442592  2  2  3  C
 1.443449965  2  2  2  C
 1.445633306  2  2  4  C
 1.507704713  2  2  5  C
 1.540432274  2  2  6  C
 1.540434478  2  2  0  C
 1.569971996  2  2  1  C
 1.877354117  2  2  3  C
 1.877354844  2  2  2  C
 1.879706566  2  2  4  C
 1.946834937  2  2  5  C
 1.983986801  2  2  6  C
 1.983988730  2  2  0  C
 2.026788659  2  2  1  C
 2.332801613  2  2  3  C
 2.332802462  2  2  2  C
 2.334016210  2  2  4  C
 2.402187099  2  2  5  C
 2.427115842  2  2  6  C
 2.427118509  2  2  0  C
 2.471410744  2  2  1  C
 2.761017324  2  2  3  C
 2.761017842  2  2  2  C
 2.762265406  2  2  4  C
 2.838856542  2  2  5  C
 2.866313389  2  2  6  C
 2.866316640  2  2  0  C
 2.890649126  2  2  1  C
 3.215283023  2  2  3  C
 3.215283596  2  2  2  C
 3.216384012  2  2  4  C
 3.278520740  2  2  5  C
 3.318172662  2  2  6  C
 3.318174779  2  2  0  C
 3.359556995  2  2  1  C
 3.661883782  2  2  3  C
 3.661884311  2  2  2  C
 3.663103501  2  2  4  C
 3.703629031  2  2  5  C
 3.736524986  2  2  6  C
 3.736527158  2  2  0  C
 3.766043846  2  2  1  C
 4.079208667  2  2  3  C
 4.079209471  2  2  2  C
 4.081573970  2  2  4  C
 4.127417905  2  2  5  C
 4.145639633  2  2  6  C
 4.145642300  2  2  0  C
 4.176983154  2  2  1  C
 4.524470935  2  2  3  C
 4.524473249  2  2  2  C
 4.526843419  2  2  4  C
 4.573484479  2  2  5  C
 4.594355289  2  2  6  C
 4.594357537  2  2  0  C
 4.621676997  2  2  1  C
 4.961383290  2  2  3  C
 4.961384028  2  2  2  C
 4.962595062  2  2  4  C
 5.008779568  2  2  5  C
 5.038707564  2  2  6  C
 5.038709955  2  2  0  C
 5.061366672  2  2  1  C
 5.283959430  2  2  3  C
 5.283960058  2  2  2  C
 5.285207935  2  2  4  C
 5.336289820  2  2  5  C
 5.382668760  2  2  6  C
 5.382671030  2  2  0  C
 0.003480941  0  0  0  A
 0.049543614  0  0  1  A
 0.242804460  0  0  3  A
 0.242806698  0  0  2  A
 0.244012155  0  0  4  A
 0.244012530  0  0  5  A
 0.274232711  0  0  6  A
 0.274233934  0  0  0  A
 0.303792074  0  0  1  A
 0.599779770  0  0  3  A
 0.599780662  0  0  4  A
 0.599780717  0  0  5  A
 0.614404539  0  0  6  A
 0.614406622  0  0  0  A
 0.630196266  0  0  1  A
 0.974291847  0  0  3  A
 0.974292276  0  0  2  A
 0.975457815  0  0  4  A
 0.975458157  0  0  5  A
 1.013000604  0  0  6  A
 1.013002069  0  0  0  A
 1.025683323  0  0  1  A
 1.443588477  0  0  3  A
 1.443589160  0  0  2  A
 1.444711550  0  0  4  A
 1.444711936  0  0  5  A
 1.475198496  0  0  6  A
 1.475200590  0  0  0  A
 1.501667241  0  0  1  A
 1.877569249  0  0  3  A
 1.877587169  0  0  2  A
 1.879934239  0  0  4  A
 1.879934658  0  0  5  A
 1.916207850  0  0  6  A
 1.916210451  0  0  0  A
 1.936575404  0  0  1  A
 2.332794340  0  0  3  A
 2.332795133  0  0  2  A
 2.334139257  0  0  4  A
 2.334139841  0  0  5  A
 2.382071844  0  0  6  A
 2.382073882  0  0  0  A
 2.398779269  0  0  1  A
 2.761051810  0  0  3  A
 2.761052537  0  0  2  A
 2.762158672  0  0  4  A
 2.762159102  0  0  5  A
 2.796317216  0  0  6  A
 2.796320136  0  0  0  A
 2.812207855  0  0  1  A
 3.215278770  0  0  3  A
 3.215279442  0  0  2  A
 3.216506248  0  0  4  A
 3.216506733  0  0  5  A
 3.260462018  0  0  6  A
 3.260464200  0  0  0  A
 3.285606202  0  0  1  A
 3.663091442  0  0  3  A
 3.663093459  0  0  4  A
 3.663093536  0  0  5  A
 3.683927855  0  0  6  A
 3.683930125  0  0  0  A
 3.702661849  0  0  1  A
 4.079294335  0  0  3  A
 4.079296077  0  0  2  A
 4.080503397  0  0  4  A
 4.080503826  0  0  5  A
 4.114822610  0  0  6  A
 4.114825928  0  0  0  A
 4.148096340  0  0  1  A
 4.524064013  0  0  3  A
 4.524064498  0  0  2  A
 4.526401848  0  0  4  A
 4.526402564  0  0  5  A
 4.557792360  0  0  6  A
 4.557794487  0  0  0  A
 4.580574768  0  0  1  A
 4.961916288  0  0  3  A
 4.961917302  0  0  4  A
 4.961917357  0  0  5  A
 4.972737662  0  0  6  A
 4.972740020  0  0  0  A
 4.991210252  0  0  1  A
 5.284099848  0  0  3  A
 5.284100553  0  0  2  A
 5.285206335  0  0  4  A
 5.285206764  0  0  5  A
 5.302040540  0  0  6  A
 5.302042402  0  0  0  A
 5.348656184  0  0  1  A
 5.651809111  0  0  3  A
 5.651809894  0  0  2  A
 5.654251579  0  0  4  A
 5.654251909  0  0  5  A
 5.681649784  0  0  6  A
 5.681651360  0  0  0  A
 0.004736361  10  10  0  K
 0.025396674  10  10  1  K
 0.036272847  10  10  3  K
 0.036273123  10  10  2  K
 0.038703822  10  10  4  K
 0.199650698  10  10  5  K
 0.224435303  10  10  6  K
 0.224437276  10  10  0  K
 0.268691398  10  10  1  K
 0.598760487  10  10  3  K
 0.598760994  10  10  2  K
 0.599964281  10  10  4  K
 0.831664785  10  10  5  K
 0.863778183  10  10  6  K
 0.863780343  10  10  0  K
 0.885750108  10  10  1  K
 0.974394050  10  10  3  K
 0.974394513  10  10  2  K
 0.975519562  10  10  4  K
 1.325400251  10  10  5  K
 1.346565748  10  10  6  K
 1.346567214  10  10  0  K
 1.374987860  10  10  1  K
 1.443378915  10  10  3  K
 1.443379334  10  10  2  K
 1.444602684  10  10  4  K
 1.757292596  10  10  5  K
 1.775368074  10  10  6  K
 1.775369562  10  10  0  K
 1.815520016  10  10  1  K
 1.877636607  10  10  3  K
 1.877637059  10  10  2  K
 1.879959795  10  10  4  K
 2.191098397  10  10  5  K
 2.218735688  10  10  6  K
 2.218737804  10  10  0  K
 2.248710027  10  10  1  K
 2.331911851  10  10  3  K
 2.331912468  10  10  2  K
 2.333039169  10  10  4  K
 2.631296293  10  10  5  K
 2.650111216  10  10  6  K
 2.650113332  10  10  0  K
 2.662268427  10  10  1  K
 2.761171365  10  10  3  K
 2.761172048  10  10  2  K
 2.762266279  10  10  4  K
 3.073964219  10  10  5  K
 3.105064225  10  10  6  K
 3.105066506  10  10  0  K
 3.123700956  10  10  1  K
 3.214596479  10  10  3  K
 3.214597108  10  10  2  K
 3.215719907  10  10  4  K
 3.552560942  10  10  5  K
 3.601214158  10  10  6  K
 3.601215867  10  10  0  K
 3.623195410  10  10  1  K
 3.661911396  10  10  3  K
 3.661911815  10  10  2  K
 3.664219276  10  10  4  K
 3.942575110  10  10  5  K
 3.985817952  10  10  6  K
 3.985820211  10  10  0  K
 4.027963593  10  10  1  K
 4.079288309  10  10  3  K
 4.079293896  10  10  2  K
 4.081718952  10  10  4  K
 4.395938983  10  10  5  K
 4.428049493  10  10  6  K
 4.428051499  10  10  0  K
 4.449352972  10  10  1  K
 4.524372310  10  10  3  K
 4.524373335  10  10  2  K
 4.526848281  10  10  4  K
 4.850076171  10  10  5  K
 4.877069210  10  10  6  K
 4.877071150  10  10  0  K
 4.908322216  10  10  1  K
 4.961256424  10  10  3  K
 4.961257151  10  10  2  K
 4.962454156  10  10  4  K
 5.184544500  10  10  5  K
 5.229095031  10  10  6  K
 5.229096905  10  10  0  K
 5.277811628  10  10  1  K
 5.283981097  10  10  3  K
 5.283981891  10  10  2  K
 5.285194225  10  10  4  K
 5.560541889  10  10  5  K
 5.604443194  10  10  6  K
 5.604444870  10  10  0  K
 5.629342438  10  10  1  K
 5.651778845  10  10  3  K
 5.651779495  10  10  2  K
 5.654032368  10  10  4  K
 5.923115399  10  10  5  K
 5.965963481  10  10  6  K
 5.965964451  10  10  0  K
 5.991627140  10  10  1  K
 6.041674769  10  10  3  K
 6.041675529  10  10  2  K
 6.042985655  10  10  4  K
 6.295064200  10  10  5  K
 6.323141296  10  10  6  K
 6.323142772  10  10  0  K
 6.359858392  10  10  1  K
 6.396955873  10  10  3  K
 6.396956832  10  10  2  K
 6.398155985  10  10  4  K
 6.585064300  10  10  5  K
 6.635496123  10  10  6  K
 6.635498680  10  10  0  K
 0.004934483  12  12  0  M
 0.049022969  12  12  1  M
 0.242804550  12  12  3  M
 0.242806016  12  12  2  M
 0.243920738  12  12  4  M
 0.524831625  12  12  5  M
 0.550470495  12  12  6  M
 0.550472578  12  12  0  M
 0.574701506  12  12  1  M
 0.599774333  12  12  3  M
 0.599774686  12  12  2  M
 0.600996541  12  12  4  M
 0.908279393  12  12  5  M
 0.937562413  12  12  6  M
 0.937564099  12  12  0  M
 0.961153693  12  12  1  M
 0.974600915  12  12  3  M
 0.974604089  12  12  2  M
 0.975726073  12  12  4  M
 1.388005860  12  12  5  M
 1.414323919  12  12  6  M
 1.414326168  12  12  0  M
 1.433818160  12  12  1  M
 1.443238191  12  12  3  M
 1.443238599  12  12  2  M
 1.445769138  12  12  4  M
 1.803916486  12  12  5  M
 1.834445555  12  12  6  M
 1.834447583  12  12  0  M
 1.851001985  12  12  1  M
 1.877664890  12  12  3  M
 1.877665253  12  12  2  M
 1.878861134  12  12  4  M
 2.265724759  12  12  5  M
 2.282688465  12  12  6  M
 2.282690229  12  12  0  M
 2.306859418  12  12  1  M
 2.332763126  12  12  3  M
 2.332763798  12  12  2  M
 2.333979836  12  12  4  M
 2.685307741  12  12  5  M
 2.731919786  12  12  6  M
 2.731921131  12  12  0  M
 2.759855543  12  12  1  M
 2.760994829  12  12  3  M
 2.760995545  12  12  2  M
 2.762183711  12  12  4  M
 3.148822979  12  12  5  M
 3.169670849  12  12  6  M
 3.169672690  12  12  0  M
 3.191678717  12  12  1  M
 3.215224341  12  12  3  M
 3.215224826  12  12  2  M
 3.216428509  12  12  4  M
 3.614416406  12  12  5  M
 3.625564996  12  12  6  M
 3.625566197  12  12  0  M
 3.675240983  12  12  1  M
 4.079278941  12  12  3  M
 4.079279437  12  12  2  M
 4.080478156  12  12  4  M
 4.465072566  12  12  5  M
 4.499653455  12  12  6  M
 4.499655174  12  12  0  M
 4.524599782  12  12  1  M
 4.524600972  12  12  3  M
 4.524601567  12  12  2  M
 4.525709081  12  12  4  M
 4.901739843  12  12  5  M
 4.930787288  12  12  6  M
 4.930789019  12  12  0  M
 4.978240011  12  12  1  M
 5.285117738  12  12  3  M
 5.285118840  12  12  4  M
 5.605260712  12  12  5  M
 5.625598133  12  12  6  M
 5.625600558  12  12  0  M
 5.658876264  12  12  1  M
 6.041757757  12  12  3  M
 6.041758319  12  12  2  M
 6.042989875  12  12  4  M
 6.323163009  12  12  5  M
 6.363817782  12  12  6  M
 6.363819457  12  12  0  M
 6.381989752  12  12  1  M
 6.396484543  12  12  3  M
 6.396485303  12  12  2  M
 6.397693692  12  12  4  M
 6.674354802  12  12  5  M
 6.712950674  12  12  6  M
 6.712952273  12  12  0  M
 0.004636332  9  9  0  J
 0.022752136  9  9  1  J
 0.036249758  9  9  3  J
 0.036250265  9  9  2  J
 0.038697263  9  9  4  J
 0.164401470  9  9  5  J
 0.198842829  9  9  6  J
 0.198844670  9  9  0  J
 0.243111419  9  9  1  J
 0.599206156  9  9  3  J
 0.599206718  9  9  2  J
 0.600355505  9  9  4  J
 0.793742023  9  9  5  J
 0.831633772  9  9  6  J
 0.831636175  9  9  0  J
 0.850800709  9  9  1  J
 0.974738447  9  9  3  J
 0.974738921  9  9  2  J
 0.975869216  9  9  4  J
 1.297039049  9  9  5  J
 1.325110985  9  9  6  J
 1.325112870  9  9  0  J
 1.347975737  9  9  1  J
 1.443382748  9  9  3  J
 1.443383144  9  9  2  J
 1.445629746  9  9  4  J
 1.723306930  9  9  5  J
 1.756195926  9  9  6  J
 1.756197624  9  9  0  J
 1.783200439  9  9  1  J
 1.877658239  9  9  3  J
 1.877659033  9  9  2  J
 1.880053115  9  9  4  J
 2.162943091  9  9  5  J
 2.190003820  9  9  6  J
 2.190006168  9  9  0  J
 2.236999662  9  9  1  J
 2.331746738  9  9  3  J
 2.331747410  9  9  2  J
 2.332921588  9  9  4  J
 2.606312053  9  9  5  J
 2.631267305  9  9  6  J
 2.631269344  9  9  0  J
 2.679297668  9  9  1  J
 2.761109427  9  9  3  J
 2.761110231  9  9  2  J
 2.762329167  9  9  4  J
 3.039884541  9  9  5  J
 3.073743712  9  9  6  J
 3.073745442  9  9  0  J
 3.091266156  9  9  1  J
 3.215221230  9  9  3  J
 3.215221848  9  9  2  J
 3.216432319  9  9  4  J
 3.536670095  9  9  5  J
 3.551739223  9  9  6  J
 3.551741151  9  9  0  J
 3.586057682  9  9  1  J
 3.661892564  9  9  3  J
 3.661893556  9  9  2  J
 3.663122102  9  9  4  J
 3.896694872  9  9  5  J
 3.941928782  9  9  6  J
 3.941930678  9  9  0  J
 3.988994745  9  9  1  J
 4.079363459  9  9  3  J
 4.079364253  9  9  2  J
 4.080578871  9  9  4  J
 4.347620212  9  9  5  J
 4.395546470  9  9  6  J
 4.395548663  9  9  0  J
 4.440382168  9  9  1  J
 4.524403226  9  9  3  J
 4.524403733  9  9  2  J
 4.526893710  9  9  4  J
 4.820593957  9  9  5  J
 4.849359618  9  9  6  J
 4.849361601  9  9  0  J
 4.887863172  9  9  1  J
 4.961315036  9  9  3  J
 4.961315730  9  9  2  J
 4.962424754  9  9  4  J
 5.147643262  9  9  5  J
 5.183448184  9  9  6  J
 5.183449407  9  9  0  J
 5.219195991  9  9  1  J
 5.283872912  9  9  3  J
 5.283873640  9  9  2  J
 5.286316593  9  9  4  J
 5.537267268  9  9  5  J
 5.559455855  9  9  6  J
 5.559458114  9  9  0  J
 5.591436428  9  9  1  J
 5.651904708  9  9  3  J
 5.651905468  9  9  2  J
 5.654353954  9  9  4  J
 5.890821073  9  9  5  J
 5.923037665  9  9  6  J
 5.923043143  9  9  0  J
 5.964433504  9  9  1  J
 6.041557072  9  9  3  J
 6.041557722  9  9  2  J
 6.042755796  9  9  4  J
 6.275911513  9  9  5  J
 6.294622330  9  9  6  J
 6.294624005  9  9  0  J
 6.322413746  9  9  1  J
 6.396551244  9  9  3  J
 6.396552082  9  9  2  J
 6.397775633  9  9  4  J
 6.557823828  9  9  5  J
 6.584333454  9  9  6  J
 6.584335460  9  9  0  J
 6.601049564  9  9  1  J
 6.747224374  9  9  3  J
 6.747224991  9  9  2  J
 6.748430382  9  9  4  J
 6.970859191  9  9  5  J
 6.991264516  9  9  6  J
 6.991266732  9  9  0  J
 7.021339959  9  9  1  J
 7.046232568  9  9  3  J
 7.046234012  9  9  4  J
 7.225451355  9  9  5  J
 7.258577439  9  9  6  J
 7.258578971  9  9  0  J
 7.284600296  9  9  1  J
 7.291418905  9  9  3  J
 7.291419445  9  9  2  J
 7.292530893  9  9  4  J
 7.470366640  9  9  5  J
 7.486115703  9  9  6  J
 7.486117819  9  9  0  J
 0.003956105  3  3  0  D
 0.031607420  3  3  1  D
 0.036254410  3  3  3  D
 0.036254994  3  3  2  D
 0.037526667  3  3  4  D
 0.050440195  3  3  5  D
 0.097470223  3  3  6  D
 0.097472570  3  3  0  D
 0.108022468  3  3  1  D
 0.242996294  3  3  3  D
 0.242996834  3  3  2  D
 0.244110850  3  3  4  D
 0.314630432  3  3  5  D
 0.361902236  3  3  6  D
 0.361904474  3  3  0  D
 0.390053325  3  3  1  D
 0.599681473  3  3  3  D
 0.599681892  3  3  2  D
 0.600872317  3  3  4  D
 0.686101687  3  3  5  D
 0.699299878  3  3  6  D
 0.699302071  3  3  0  D
 0.718396994  3  3  1  D
 0.974101258  3  3  3  D
 0.974101654  3  3  2  D
 0.975270357  3  3  4  D
 1.075580614  3  3  5  D
 1.092573073  3  3  6  D
 1.092575564  3  3  0  D
 1.140097562  3  3  1  D
 1.443316345  3  3  3  D
 1.443317205  3  3  2  D
 1.444621201  3  3  4  D
 1.540752770  3  3  5  D
 1.556289501  3  3  6  D
 1.556291694  3  3  0  D
 1.566732349  3  3  1  D
 1.877914318  3  3  3  D
 1.877915111  3  3  2  D
 1.879114518  3  3  4  D
 1.984485379  3  3  5  D
 2.031481003  3  3  6  D
 2.031483251  3  3  0  D
 2.077802315  3  3  1  D
 2.331887961  3  3  3  D
 2.331888776  3  3  2  D
 2.333024791  3  3  4  D
 2.427768196  3  3  5  D
 2.450891320  3  3  6  D
 2.450893314  3  3  0  D
 2.484771495  3  3  1  D
 2.761285860  3  3  3  D
 2.761286819  3  3  4  D
 2.866353160  3  3  5  D
 2.895361936  3  3  6  D
 2.895363666  3  3  0  D
 2.944509832  3  3  1  D
 3.214801691  3  3  3  D
 3.214802749  3  3  2  D
 3.215910042  3  3  4  D
 3.318328291  3  3  5  D
 3.358441679  3  3  6  D
 3.358444049  3  3  0  D
 3.395412788  3  3  1  D
 3.662003183  3  3  3  D
 3.662004142  3  3  2  D
 3.663162662  3  3  4  D
 3.737545534  3  3  5  D
 3.752591179  3  3  6  D
 3.752593251  3  3  0  D
 3.798392144  3  3  1  D
 4.079333623  3  3  3  D
 4.079334560  3  3  2  D
 4.081685754  3  3  4  D
 4.146619091  3  3  5  D
 4.180436624  3  3  6  D
 4.180438079  3  3  0  D
 4.194292131  3  3  1  D
 4.524407984  3  3  3  D
 4.524408491  3  3  2  D
 4.526738672  3  3  4  D
 4.595127454  3  3  5  D
 4.639634165  3  3  6  D
 4.639636215  3  3  0  D
 4.685417881  3  3  1  D
 4.961302614  3  3  3  D
 4.961303430  3  3  2  D
 4.962536902  3  3  4  D
 5.039331668  3  3  5  D
 5.060577112  3  3  6  D
 5.060579316  3  3  0  D
 5.101600024  3  3  1  D
 5.283105609  3  3  3  D
 5.283106325  3  3  2  D
 5.285353534  3  3  4  D
 5.382915112  3  3  5  D
 5.397312732  3  3  6  D
 5.397315740  3  3  0  D
 5.430163080  3  3  1  D
 5.651254762  3  3  3  D
 5.651255467  3  3  2  D
 5.653581498  3  3  4  D
 5.724215339  3  3  5  D
 5.773510659  3  3  6  D
 5.773512654  3  3  0  D
 5.807994690  3  3  1  D
 6.041611454  3  3  3  D
 6.041612391  3  3  2  D
 6.042939422  3  3  4  D
 6.084687852  3  3  5  D
 6.125753099  3  3  6  D
 6.125755116  3  3  0  D
 6.161067589  3  3  1  D
 6.396804022  3  3  3  D
 6.396805102  3  3  2  D
 6.397957151  3  3  4  D
 6.437157097  3  3  5  D
 6.458776727  3  3  6  D
 6.458779284  3  3  0  D
 6.499864992  3  3  1  D
 6.747029862  3  3  3  D
 6.747030435  3  3  2  D
 6.748132559  3  3  4  D
 6.781565826  3  3  5  D
 6.831233339  3  3  6  D
 6.831235477  3  3  0  D
 6.863251356  3  3  1  D
 7.045232697  3  3  3  D
 7.045233314  3  3  2  D
 7.046411594  3  3  4  D
 7.068934559  3  3  5  D
 7.118758076  3  3  6  D
 7.118760787  3  3  0  D
 7.134560899  3  3  1  D
 7.292254737  3  3  3  D
 7.292255464  3  3  2  D
 7.293376492  3  3  4  D
 7.310912316  3  3  5  D
 7.334522362  3  3  6  D
 7.334524213  3  3  0  D
 7.383273863  3  3  1  D
 7.566066371  3  3  3  D
 7.566067110  3  3  2  D
 7.567262692  3  3  4  D
 7.581673681  3  3  5  D
 7.613375088  3  3  6  D
 7.613377061  3  3  0  D
 0.004212630  5  5  0  F
 0.031230631  5  5  1  F
 0.037170983  5  5  3  F
 0.037171457  5  5  2  F
 0.038377124  5  5  4  F
 0.131808583  5  5  5  F
 0.164149794  5  5  6  F
 0.164152042  5  5  0  F
 0.199092601  5  5  1  F
 0.243027835  5  5  3  F
 0.243028838  5  5  4  F
 0.406852512  5  5  5  F
 0.419598216  5  5  6  F
 0.419600354  5  5  0  F
 0.437495901  5  5  1  F
 0.599653926  5  5  3  F
 0.599654367  5  5  2  F
 0.600848528  5  5  4  F
 0.720341017  5  5  5  F
 0.732729746  5  5  6  F
 0.732731454  5  5  0  F
 0.772445929  5  5  1  F
 0.974722702  5  5  3  F
 0.974723286  5  5  2  F
 0.975869594  5  5  4  F
 1.143547046  5  5  5  F
 1.189731042  5  5  6  F
 1.189733070  5  5  0  F
 1.235120987  5  5  1  F
 1.443278665  5  5  3  F
 1.443287195  5  5  2  F
 1.445789441  5  5  4  F
 1.599753820  5  5  5  F
 1.630364105  5  5  6  F
 1.630365405  5  5  0  F
 1.651380168  5  5  1  F
 1.877366660  5  5  3  F
 1.877367442  5  5  2  F
 1.879726744  5  5  4  F
 2.047044273  5  5  5  F
 2.066054830  5  5  6  F
 2.066056538  5  5  0  F
 2.080066761  5  5  1  F
 2.331970629  5  5  3  F
 2.331971257  5  5  2  F
 2.333123958  5  5  4  F
 2.494270473  5  5  5  F
 2.522375160  5  5  6  F
 2.522376924  5  5  0  F
 2.549974080  5  5  1  F
 2.760935119  5  5  3  F
 2.760935879  5  5  2  F
 2.762153085  5  5  4  F
 2.915226580  5  5  5  F
 2.947879202  5  5  6  F
 2.947880359  5  5  0  F
 2.963109342  5  5  1  F
 3.215161230  5  5  3  F
 3.215162133  5  5  2  F
 3.216268291  5  5  4  F
 3.374982889  5  5  5  F
 3.402721488  5  5  6  F
 3.402723792  5  5  0  F
 3.441908011  5  5  1  F
 3.662982949  5  5  3  F
 3.662983400  5  5  2  F
 3.664228912  5  5  4  F
 3.790982611  5  5  5  F
 3.819490300  5  5  6  F
 3.819492725  5  5  0  F
 3.830678589  5  5  1  F
 4.079316303  5  5  3  F
 4.079317251  5  5  2  F
 4.080476782  5  5  4  F
 4.201830883  5  5  5  F
 4.237529494  5  5  6  F
 4.237532161  5  5  0  F
 4.262519308  5  5  1  F
 4.524392190  5  5  3  F
 4.524393292  5  5  2  F
 4.526891525  5  5  4  F
 4.687848491  5  5  5  F
 4.727762047  5  5  6  F
 4.727764361  5  5  0  F
 4.773184152  5  5  1  F
 4.961593841  5  5  3  F
 4.961594458  5  5  2  F
 4.962802241  5  5  4  F
 5.060966419  5  5  5  F
 5.103519116  5  5  6  F
 5.103520825  5  5  0  F
 5.148355344  5  5  1  F
 5.284160539  5  5  3  F
 5.284161211  5  5  2  F
 5.285382782  5  5  4  F
 5.397731498  5  5  5  F
 5.436637886  5  5  6  F
 5.436640168  5  5  0  F
 5.484646559  5  5  1  F
 5.652002662  5  5  3  F
 5.652003313  5  5  2  F
 5.654265378  5  5  4  F
 5.774431521  5  5  5  F
 5.815688485  5  5  6  F
 5.815690799  5  5  0  F
 5.846953229  5  5  1  F
 6.041913255  5  5  3  F
 6.041914225  5  5  4  F
 6.126095554  5  5  5  F
 6.167259557  5  5  6  F
 6.167261971  5  5  0  F
 6.213298190  5  5  1  F
 6.397274817  5  5  3  F
 6.397275996  5  5  4  F
 6.459149436  5  5  5  F
 6.476839665  5  5  6  F
 6.476841538  5  5  0  F
 6.499882858  5  5  1  F
 6.747328756  5  5  3  F
 6.747329428  5  5  2  F
 6.748452977  5  5  4  F
 6.832358695  5  5  5  F
 6.872890583  5  5  6  F
 6.872892391  5  5  0  F
 6.920483381  5  5  1  F
 7.045569359  5  5  3  F
 7.045570042  5  5  2  F
 7.046824279  5  5  4  F
 7.119777778  5  5  5  F
 7.148071845  5  5  6  F
 7.148074545  5  5  0  F
 7.191183514  5  5  1  F
 7.292303158  5  5  3  F
 7.292304172  5  5  2  F
 7.293502069  5  5  4  F
 7.334880958  5  5  5  F
 7.379269397  5  5  6  F
 7.379272053  5  5  0  F
 7.414913569  5  5  1  F
 7.566348658  5  5  3  F
 7.566349286  5  5  2  F
 7.567547139  5  5  4  F
 7.614021197  5  5  5  F
 7.640417176  5  5  6  F
 7.640420141  5  5  0  F
 0.004322169  6  6  0  G
 0.045991781  6  6  1  G
 0.242769580  6  6  3  G
 0.242770065  6  6  2  G
 0.243949050  6  6  4  G
 0.419818701  6  6  5  G
 0.435721771  6  6  6  G
 0.435724008  6  6  0  G
 0.472053396  6  6  1  G
 0.599713552  6  6  3  G
 0.599714004  6  6  2  G
 0.600980727  6  6  4  G
 0.733387271  6  6  5  G
 0.751969045  6  6  6  G
 0.751971239  6  6  0  G
 0.792431182  6  6  1  G
 0.974719349  6  6  3  G
 0.974719922  6  6  2  G
 0.975847461  6  6  4  G
 1.190260730  6  6  5  G
 1.237155814  6  6  6  G
 1.237157093  6  6  0  G
 1.275448107  6  6  1  G
 1.443234215  6  6  3  G
 1.443234711  6  6  2  G
 1.445701392  6  6  4  G
 1.630519509  6  6  5  G
 1.661980912  6  6  6  G
 1.661982917  6  6  0  G
 1.708087325  6  6  1  G
 1.878774349  6  6  3  G
 1.878775032  6  6  2  G
 1.879959374  6  6  4  G
 2.066761852  6  6  5  G
 2.083805046  6  6  6  G
 2.083806137  6  6  0  G
 2.116058255  6  6  1  G
 2.331992805  6  6  3  G
 2.331993389  6  6  2  G
 2.333121268  6  6  4  G
 2.522381993  6  6  5  G
 2.534686796  6  6  6  G
 2.534688658  6  6  0  G
 2.558964531  6  6  1  G
 2.761128248  6  6  3  G
 2.761128822  6  6  2  G
 2.762212741  6  6  4  G
 2.948578731  6  6  5  G
 2.990800049  6  6  6  G
 2.990801713  6  6  0  G
 3.040324145  6  6  1  G
 3.214660644  6  6  3  G
 3.214661107  6  6  2  G
 3.215822469  6  6  4  G
 3.403654483  6  6  5  G
 3.450877823  6  6  6  G
 3.450879972  6  6  0  G
 3.494369055  6  6  1  G
 3.663059427  6  6  3  G
 3.663060066  6  6  2  G
 3.664192863  6  6  4  G
 3.819867701  6  6  5  G
 3.844782402  6  6  6  G
 3.844784165  6  6  0  G
 3.873884209  6  6  1  G
 4.080417071  6  6  3  G
 4.080421788  6  6  2  G
 4.081558926  6  6  4  G
 4.238368802  6  6  5  G
 4.287908536  6  6  6  G
 4.287910442  6  6  0  G
 4.334259881  6  6  1  G
 4.524362564  6  6  3  G
 4.524363192  6  6  2  G
 4.526790374  6  6  4  G
 4.728182466  6  6  5  G
 4.760650652  6  6  6  G
 4.760653925  6  6  0  G
 4.781810791  6  6  1  G
 4.961151030  6  6  3  G
 4.961151636  6  6  2  G
 4.962263029  6  6  4  G
 5.104502109  6  6  5  G
 5.121090669  6  6  6  G
 5.121092719  6  6  0  G
 5.144419373  6  6  1  G
 5.284076010  6  6  3  G
 5.284076517  6  6  2  G
 5.285287386  6  6  4  G
 5.437248728  6  6  5  G
 5.475208809  6  6  6  G
 5.475210881  6  6  0  G
 5.490812536  6  6  1  G
 5.652131118  6  6  3  G
 5.652133984  6  6  2  G
 5.654556294  6  6  4  G
 5.815970665  6  6  5  G
 5.834251002  6  6  6  G
 5.834253107  6  6  0  G
 5.877831583  6  6  1  G
 6.041669689  6  6  3  G
 6.041670395  6  6  2  G
 6.042908582  6  6  4  G
 6.167513944  6  6  5  G
 6.201278893  6  6  6  G
 6.201280921  6  6  0  G
 6.214253568  6  6  1  G
 6.397194993  6  6  3  G
 6.397195698  6  6  2  G
 6.398353930  6  6  4  G
 6.477075030  6  6  5  G
 6.494643938  6  6  6  G
 6.494646693  6  6  0  G
 6.504831958  6  6  1  G
 6.746906219  6  6  3  G
 6.746906814  6  6  2  G
 6.748109494  6  6  4  G
 6.872903635  6  6  5  G
 6.916942469  6  6  6  G
 6.916944817  6  6  0  G
 6.929220494  6  6  1  G
 7.045994303  6  6  3  G
 7.045994920  6  6  2  G
 7.047099712  6  6  4  G
 7.148642932  6  6  5  G
 7.177353741  6  6  6  G
 7.177356144  6  6  0  G
 7.211173070  6  6  1  G
 7.292153476  6  6  3  G
 7.292154269  6  6  2  G
 7.293373073  6  6  4  G
 7.379662705  6  6  5  G
 7.406381862  6  6  6  G
 7.406384242  6  6  0  G
 7.441116718  6  6  1  G
 7.566833765  6  6  3  G
 7.566834404  6  6  2  G
 7.568037702  6  6  4  G
 7.641287041  6  6  5  G
 7.683409935  6  6  6  G
 7.683411720  6  6  0  G
 0.004429359  7  7  0  H
 0.022441178  7  7  1  H
 0.022444991  7  7  3  H
 0.022445663  7  7  4  H
 0.022446380  7  7  5  H
 0.036240139  7  7  6  H
 0.036244327  7  7  0  H
 0.082352987  7  7  1  H
 0.242579256  7  7  3  H
 0.242579642  7  7  2  H
 0.243678856  7  7  4  H
 0.435912237  7  7  5  H
 0.466343118  7  7  6  H
 0.466345311  7  7  0  H
 0.510443362  7  7  1  H
 0.599685163  7  7  3  H
 0.599685449  7  7  2  H
 0.600799091  7  7  4  H
 0.752216755  7  7  5  H
 0.771397574  7  7  6  H
 0.771399668  7  7  0  H
 0.789392325  7  7  1  H
 0.974601025  7  7  3  H
 0.974603229  7  7  2  H
 0.975818782  7  7  4  H
 1.237293930  7  7  5  H
 1.249901368  7  7  6  H
 1.249903473  7  7  0  H
 1.299187104  7  7  1  H
 1.443190815  7  7  3  H
 1.443216450  7  7  2  H
 1.445592129  7  7  4  H
 1.662954338  7  7  5  H
 1.706501514  7  7  6  H
 1.706503310  7  7  0  H
 1.725682385  7  7  1  H
 1.877914379  7  7  3  H
 1.877915426  7  7  2  H
 1.879030191  7  7  4  H
 2.085022473  7  7  5  H
 2.120814288  7  7  6  H
 2.120815677  7  7  0  H
 2.143480695  7  7  1  H
 2.332819711  7  7  3  H
 2.332820967  7  7  4  H
 2.535763981  7  7  5  H
 2.561597698  7  7  6  H
 2.561599593  7  7  0  H
 2.581125676  7  7  1  H
 2.761062222  7  7  3  H
 2.761063147  7  7  2  H
 2.762167024  7  7  4  H
 2.991332471  7  7  5  H
 3.023180134  7  7  6  H
 3.023182129  7  7  0  H
 3.060354166  7  7  1  H
 3.215565679  7  7  3  H
 3.215566572  7  7  2  H
 3.216776349  7  7  4  H
 3.451402951  7  7  5  H
 3.492184770  7  7  6  H
 3.492186610  7  7  0  H
 3.520886082  7  7  1  H
 3.661969058  7  7  3  H
 3.661969830  7  7  2  H
 3.663179469  7  7  4  H
 3.845058621  7  7  5  H
 3.855446312  7  7  6  H
 3.855448251  7  7  0  H
 3.902932265  7  7  1  H
 4.080472694  7  7  3  H
 4.080474204  7  7  4  H
 4.288871740  7  7  5  H
 4.306108300  7  7  6  H
 4.306110306  7  7  0  H
 4.352850921  7  7  1  H
 4.524411872  7  7  3  H
 4.524413151  7  7  2  H
 4.526865264  7  7  4  H
 4.761812709  7  7  5  H
 4.788296621  7  7  6  H
 4.788298671  7  7  0  H
 4.820863001  7  7  1  H
 4.960963421  7  7  3  H
 4.960964105  7  7  2  H
 4.962074616  7  7  4  H
 5.121474388  7  7  5  H
 5.135733767  7  7  6  H
 5.135736699  7  7  0  H
 5.178810097  7  7  1  H
 5.283924485  7  7  3  H
 5.283925256  7  7  2  H
 5.285145735  7  7  4  H
 5.475731685  7  7  5  H
 5.522680217  7  7  6  H
 5.522682036  7  7  0  H
 5.545841323  7  7  1  H
 5.651574641  7  7  3  H
 5.651575424  7  7  2  H
 5.653976861  7  7  4  H
 5.835373288  7  7  5  H
 5.866417666  7  7  6  H
 5.866419981  7  7  0  H
 5.880036563  7  7  1  H
 6.041783691  7  7  3  H
 6.041784518  7  7  2  H
 6.042949086  7  7  4  H
 6.201956608  7  7  5  H
 6.244967205  7  7  6  H
 6.244969133  7  7  0  H
 6.264120959  7  7  1  H
 6.396453917  7  7  3  H
 6.396454887  7  7  2  H
 6.397581313  7  7  4  H
 6.495265918  7  7  5  H
 6.522545175  7  7  6  H
 6.522547500  7  7  0  H
 6.559751273  7  7  1  H
 6.746783564  7  7  3  H
 6.746784390  7  7  2  H
 6.747953346  7  7  4  H
 6.917676381  7  7  5  H
 6.943766567  7  7  6  H
 6.943768473  7  7  0  H
 6.964743308  7  7  1  H
 7.046045817  7  7  3  H
 7.046046434  7  7  2  H
 7.047226686  7  7  4  H
 7.177946344  7  7  5  H
 7.188362107  7  7  6  H
 7.188364400  7  7  0  H
 7.210003123  7  7  1  H
 7.292406895  7  7  3  H
 7.292407876  7  7  2  H
 7.293604197  7  7  4  H
 7.407001586  7  7  5  H
 7.444865827  7  7  6  H
 7.444867337  7  7  0  H
 7.473319781  7  7  1  H
 7.566692476  7  7  3  H
 7.566693445  7  7  2  H
 7.567862049  7  7  4  H
 7.683528214  7  7  5  H
 7.707489998  7  7  6  H
 7.707492400  7  7  0  H
 0.003708011  1  1  0  B
 0.041502203  1  1  1  B
 0.242750360  1  1  3  B
 0.242750767  1  1  2  B
 0.243857454  1  1  4  B
 0.274668010  1  1  5  B
 0.300889763  1  1  6  B
 0.300891923  1  1  0  B
 0.335869869  1  1  1  B
 0.599692048  1  1  3  B
 0.599692379  1  1  2  B
 0.600897627  1  1  4  B
 0.614849959  1  1  5  B
 0.664880549  1  1  6  B
 0.664882896  1  1  0  B
 0.689143251  1  1  1  B
 0.974398781  1  1  3  B
 0.974399376  1  1  2  B
 0.975519134  1  1  4  B
 1.013316047  1  1  5  B
 1.055321183  1  1  6  B
 1.055323244  1  1  0  B
 1.075097568  1  1  1  B
 1.443312189  1  1  3  B
 1.443312652  1  1  2  B
 1.445660713  1  1  4  B
 1.475740283  1  1  5  B
 1.507003919  1  1  6  B
 1.507005374  1  1  0  B
 1.519545480  1  1  1  B
 1.878707069  1  1  3  B
 1.878708271  1  1  2  B
 1.879963335  1  1  4  B
 1.916740417  1  1  5  B
 1.946617198  1  1  6  B
 1.946619633  1  1  0  B
 1.977614273  1  1  1  B
 2.331731308  1  1  3  B
 2.331732035  1  1  2  B
 2.334142819  1  1  4  B
 2.382979788  1  1  5  B
 2.401225456  1  1  6  B
 2.401227010  1  1  0  B
 2.416657609  1  1  1  B
 2.760908269  1  1  3  B
 2.760908831  1  1  2  B
 2.762069598  1  1  4  B
 2.797255996  1  1  5  B
 2.838099473  1  1  6  B
 2.838101743  1  1  0  B
 2.871995782  1  1  1  B
 3.215569846  1  1  3  B
 3.215571014  1  1  4  B
 3.260816827  1  1  5  B
 3.278264028  1  1  6  B
 3.278266948  1  1  0  B
 3.318486861  1  1  1  B
 3.661881103  1  1  3  B
 3.661881930  1  1  2  B
 3.664141878  1  1  4  B
 3.684510778  1  1  5  B
 3.703435066  1  1  6  B
 3.703436256  1  1  0  B
 3.716588387  1  1  1  B
 4.079265052  1  1  3  B
 4.079265868  1  1  2  B
 4.080515024  1  1  4  B
 4.115769655  1  1  5  B
 4.127265009  1  1  6  B
 4.127266938  1  1  0  B
 4.149678149  1  1  1  B
 4.524385045  1  1  3  B
 4.524385915  1  1  2  B
 4.526627018  1  1  4  B
 4.558996145  1  1  5  B
 4.573419331  1  1  6  B
 4.573421083  1  1  0  B
 4.597162389  1  1  1  B
 4.961171222  1  1  3  B
 4.961171751  1  1  2  B
 4.962367301  1  1  4  B
 4.973665582  1  1  5  B
 5.008513623  1  1  6  B
 5.008515860  1  1  0  B
 5.032560953  1  1  1  B
 5.284164244  1  1  3  B
 5.284165192  1  1  2  B
 5.285306373  1  1  4  B
 5.303132536  1  1  5  B
 5.335851168  1  1  6  B
 5.335852997  1  1  0  B
 5.374953174  1  1  1  B
 5.653348956  1  1  3  B
 5.653350256  1  1  4  B
 5.682775128  1  1  5  B
 5.723072369  1  1  6  B
 5.723074860  1  1  0  B
 5.745929020  1  1  1  B
 6.041903027  1  1  3  B
 6.041903854  1  1  2  B
 6.043150706  1  1  4  B
 6.043151290  1  1  5  B
 6.083834456  1  1  6  B
 6.083837002  1  1  0  B
 6.134726403  1  1  1  B
 6.396181257  1  1  3  B
 6.396182029  1  1  2  B
 6.397321459  1  1  4  B
 6.397322109  1  1  5  B
 6.435944828  1  1  6  B
 6.435946691  1  1  0  B
 6.478693234  1  1  1  B
 6.747682009  1  1  3  B
 6.747683441  1  1  4  B
 6.747683673  1  1  5  B
 6.780912109  1  1  6  B
 6.780914743  1  1  0  B
 6.792496217  1  1  1  B
 7.046197957  1  1  3  B
 7.046199181  1  1  2  B
 7.047398279  1  1  4  B
 7.047398764  1  1  5  B
 7.068374120  1  1  6  B
 7.068376743  1  1  0  B
 7.098390676  1  1  1  B
 7.291551102  1  1  3  B
 7.291551863  1  1  2  B
 7.292753000  1  1  4  B
 7.292753562  1  1  5  B
 7.310695990  1  1  6  B
 7.310698514  1  1  0  B
 7.353943630  1  1  1  B
 7.567128348  1  1  3  B
 7.567129582  1  1  4  B
 7.567129847  1  1  5  B
 7.581601526  1  1  6  B
 7.581603697  1  1  0  B
 7.593597832  1  1  1  B
 7.786560640  1  1  3  B
 7.786562205  1  1  4  B
 7.786562491  1  1  5  B
 7.832870290  1  1  6  B
 7.832872924  1  1  0  B
 7.849926543  1  1  1  B
 7.893080492  1  1  3  B
 7.893081660  1  1  2  B
 7.894285299  1  1  4  B
 7.894285717  1  1  5  B
 7.928892520  1  1  6  B
 7.928894118  1  1  0  B
 0.004530731  8  8  0  I
 0.050239223  8  8  1  I
 0.242569868  8  8  3  I
 0.242570276  8  8  2  I
 0.243785630  8  8  4  I
 0.466614686  8  8  5  I
 0.492610521  8  8  6  I
 0.492612274  8  8  0  I
 0.528850369  8  8  1  I
 0.598732316  8  8  3  I
 0.598732823  8  8  2  I
 0.599835687  8  8  4  I
 0.772026445  8  8  5  I
 0.792773148  8  8  6  I
 0.792774261  8  8  0  I
 0.822993877  8  8  1  I
 0.974861465  8  8  3  I
 0.974862049  8  8  2  I
 0.975969816  8  8  4  I
 1.250024431  8  8  5  I
 1.296400237  8  8  6  I
 1.296402563  8  8  0  I
 1.325889485  8  8  1  I
 1.443390428  8  8  3  I
 1.443390869  8  8  2  I
 1.445666034  8  8  4  I
 1.707283400  8  8  5  I
 1.722167670  8  8  6  I
 1.722169500  8  8  0  I
 1.741822971  8  8  1  I
 1.877401123  8  8  3  I
 1.877401707  8  8  2  I
 1.879729733  8  8  4  I
 2.121829171  8  8  5  I
 2.161908558  8  8  6  I
 2.161910508  8  8  0  I
 2.183115343  8  8  1  I
 2.331845578  8  8  3  I
 2.331846217  8  8  2  I
 2.332961313  8  8  4  I
 2.561821356  8  8  5  I
 2.605767229  8  8  6  I
 2.605769268  8  8  0  I
 2.642007467  8  8  1  I
 2.761122629  8  8  3  I
 2.761123488  8  8  2  I
 2.762375708  8  8  4  I
 3.023974847  8  8  5  I
 3.039442058  8  8  6  I
 3.039443987  8  8  0  I
 3.084541558  8  8  1  I
 3.215244430  8  8  3  I
 3.215245246  8  8  2  I
 3.216463730  8  8  4  I
 3.493082638  8  8  5  I
 3.536117126  8  8  6  I
 3.536119341  8  8  0  I
 3.571000248  8  8  1  I
 3.662993423  8  8  3  I
 3.662994062  8  8  2  I
 3.664204201  8  8  4  I
 3.855816835  8  8  5  I
 3.895844085  8  8  6  I
 3.895846069  8  8  0  I
 3.944126928  8  8  1  I
 4.080340519  8  8  3  I
 4.080341357  8  8  2  I
 4.081606518  8  8  4  I
 4.306745690  8  8  5  I
 4.347156747  8  8  6  I
 4.347158489  8  8  0  I
 4.383109872  8  8  1  I
 4.524400589  8  8  3  I
 4.524401217  8  8  2  I
 4.526867317  8  8  4  I
 4.789063012  8  8  5  I
 4.819379085  8  8  6  I
 4.819381378  8  8  0  I
 4.862050178  8  8  1  I
 4.961243634  8  8  3  I
 4.961244174  8  8  2  I
 4.962446435  8  8  4  I
 5.135739492  8  8  5  I
 5.147437414  8  8  6  I
 5.147438516  8  8  0  I
 5.181489733  8  8  1  I
 5.283852091  8  8  3  I
 5.283852653  8  8  2  I
 5.286252007  8  8  4  I
 5.523160274  8  8  5  I
 5.537176923  8  8  6  I
 5.537178819  8  8  0  I
 5.553907187  8  8  1  I
 5.651942749  8  8  3  I
 5.651943510  8  8  2  I
 5.654362690  8  8  4  I
 5.866741144  8  8  5  I
 5.889968444  8  8  6  I
 5.889970075  8  8  0  I
 5.929738429  8  8  1  I
 6.041662887  8  8  3  I
 6.041663571  8  8  2  I
 6.042905552  8  8  4  I
 6.245371159  8  8  5  I
 6.275288440  8  8  6  I
 6.275290324  8  8  0  I
 6.288709565  8  8  1  I
 6.396370001  8  8  3  I
 6.396370850  8  8  2  I
 6.397577861  8  8  4  I
 6.523393219  8  8  5  I
 6.556651214  8  8  6  I
 6.556652713  8  8  0  I
 6.592893117  8  8  1  I
 6.746861435  8  8  3  I
 6.746862151  8  8  2  I
 6.748029189  8  8  4  I
 6.944443830  8  8  5  I
 6.969891867  8  8  6  I
 6.969893729  8  8  0  I
 6.991284186  8  8  1  I
 7.045394969  8  8  3  I
 7.045395575  8  8  2  I
 7.046599853  8  8  4  I
 7.188876969  8  8  5  I
 7.225391289  8  8  6  I
 7.225393526  8  8  0  I
 7.242488100  8  8  1  I
 7.292444444  8  8  3  I
 7.292445679  8  8  4  I
 7.445462814  8  8  5  I
 7.469757169  8  8  6  I
 7.469759053  8  8  0  I
 7.490015802  8  8  1  I
 7.566937484  8  8  3  I
 7.566938079  8  8  2  I
 7.568059603  8  8  4  I
 7.708494234  8  8  5  I
 7.722326929  8  8  6  I
 7.722329012  8  8  0  I
 7.740536655  8  8  1  I
 7.786441919  8  8  3  I
 7.786442712  8  8  2  I
 7.787579853  8  8  4  I
 7.834068695  8  8  5  I
 7.870757367  8  8  6  I
 7.870759781  8  8  0  I
 7.914711969  8  8  1  I
 8.001594826  8  8  3  I
 8.001596413  8  8  2  I
 8.002751052  8  8  4  I
 8.002752430  8  8  5  I
 8.042907536  8  8  6  I
 8.042909696  8  8  0  I
 8.056576744  8  8  1  I
 8.071064792  8  8  3  I
 8.071066005  8  8  4  I
 8.071066545  8  8  5  I
 8.121920769  8  8  6  I
 8.121922952  8  8  0  I
 8.162447491  8  8  1  I
 8.239675702  8  8  3  I
 8.239676827  8  8  2  I
 8.240887266  8  8  4  I
 8.240888202  8  8  5  I
 8.282674956  8  8  6  I
 8.282677381  8  8  0  I
 0.005132909  14  14  0  O
 0.036860816  14  14  1  O
 0.036861984  14  14  3  O
 0.036862216  14  14  2  O
 0.038010529  14  14  4  O
 0.224754470  14  14  5  O
 0.242423882  14  14  6  O
 0.242425293  14  14  0  O
 0.262665147  14  14  1  O
 0.599542518  14  14  3  O
 0.599542826  14  14  2  O
 0.600655950  14  14  4  O
 0.938129157  14  14  5  O
 0.973788765  14  14  6  O
 0.973790286  14  14  0  O
 1.012786956  14  14  1  O
 1.443190894  14  14  3  O
 1.443191269  14  14  2  O
 1.445630023  14  14  4  O
 1.834913950  14  14  5  O
 1.876800202  14  14  6  O
 1.876801822  14  14  0  O
 1.895538948  14  14  1  O
 2.331922764  14  14  3  O
 2.331923249  14  14  2  O
 2.333040054  14  14  4  O
 2.732364508  14  14  5  O
 2.760902375  14  14  6  O
 2.760903179  14  14  0  O
 2.787878882  14  14  1  O
 3.214986317  14  14  3  O
 3.214986890  14  14  2  O
 3.216094503  14  14  4  O
 3.626435804  14  14  5  O
 3.661847056  14  14  6  O
 3.661848511  14  14  0  O
 3.679750489  14  14  1  O
 4.079346995  14  14  3  O
 4.079348218  14  14  2  O
 4.080582768  14  14  4  O
 4.500623545  14  14  5  O
 4.523775598  14  14  6  O
 4.523776887  14  14  0  O
 4.541047951  14  14  1  O
 4.961160731  14  14  3  O
 4.961161227  14  14  2  O
 4.962275474  14  14  4  O
 5.270760759  14  14  5  O
 5.283021822  14  14  6  O
 5.283023134  14  14  0  O
 5.298789775  14  14  1  O
 5.651061359  14  14  3  O
 5.651062021  14  14  2  O
 5.653422404  14  14  4  O
 6.002852519  14  14  5  O
 6.040830604  14  14  6  O
 6.040831894  14  14  0  O
 6.066483266  14  14  1  O
 6.396559678  14  14  3  O
 6.396560273  14  14  2  O
 6.397677860  14  14  4  O
 6.713321685  14  14  5  O
 6.746679649  14  14  6  O
 6.746681071  14  14  0  O
 6.795080155  14  14  1  O
 7.045409628  14  14  3  O
 7.045410102  14  14  2  O
 7.046503399  14  14  4  O
 7.259139334  14  14  5  O
 7.291314756  14  14  6  O
 7.291316189  14  14  0  O
 7.327799495  14  14  1  O
 7.566842221  14  14  3  O
 7.566842915  14  14  2  O
 7.568057861  14  14  4  O
 7.740285372  14  14  5  O
 7.785504656  14  14  6  O
 7.785506397  14  14  0  O
 7.820797130  14  14  1  O
 7.893089748  14  14  3  O
 7.893091203  14  14  4  O
 7.980204056  14  14  5  O
 8.001152660  14  14  6  O
 8.001153652  14  14  0  O
 8.027847052  14  14  1  O
 8.070945026  14  14  3  O
 8.070946029  14  14  2  O
 8.072149889  14  14  4  O
 8.122603673  14  14  5  O
 8.160841562  14  14  6  O
 8.160843446  14  14  0  O
 8.174196704  14  14  1  O
 8.239504057  14  14  3  O
 8.239505038  14  14  2  O
 8.240723467  14  14  4  O
 8.299905605  14  14  5  O
 8.333396595  14  14  6  O
 8.333398237  14  14  0  O
 0.004835186  11  11  0  L
 0.038620382  11  11  1  L
 0.242536100  11  11  3  L
 0.242536530  11  11  2  L
 0.243694365  11  11  4  L
 0.492882966  11  11  5  L
 0.524798047  11  11  6  L
 0.524800251  11  11  0  L
 0.556389263  11  11  1  L
 0.599707402  11  11  3  L
 0.599707843  11  11  2  L
 0.600881680  11  11  4  L
 0.864800922  11  11  5  L
 0.907930466  11  11  6  L
 0.907932130  11  11  0  L
 0.942351178  11  11  1  L
 0.974359259  11  11  3  L
 0.974359744  11  11  2  L
 0.975515717  11  11  4  L
 1.347068108  11  11  5  L
 1.386987339  11  11  6  L
 1.386988970  11  11  0  L
 1.417092362  11  11  1  L
 1.444582331  11  11  3  L
 1.444583411  11  11  4  L
 1.776496857  11  11  5  L
 1.803103269  11  11  6  L
 1.803105484  11  11  0  L
 1.844193253  11  11  1  L
 1.877646946  11  11  3  L
 1.877657659  11  11  2  L
 1.879909231  11  11  4  L
 2.219811631  11  11  5  L
 2.265238827  11  11  6  L
 2.265240910  11  11  0  L
 2.312031507  11  11  1  L
 2.332007474  11  11  3  L
 2.332008201  11  11  2  L
 2.333140876  11  11  4  L
 2.650406417  11  11  5  L
 2.685237647  11  11  6  L
 2.685239554  11  11  0  L
 2.712729179  11  11  1  L
 2.761191953  11  11  3  L
 2.761192945  11  11  2  L
 2.762314775  11  11  4  L
 3.105178529  11  11  5  L
 3.147682037  11  11  6  L
 3.147684252  11  11  0  L
 3.192240912  11  11  1  L
 3.214944049  11  11  3  L
 3.214944700  11  11  2  L
 3.216054539  11  11  4  L
 3.601767624  11  11  5  L
 3.613342949  11  11  6  L
 3.613344877  11  11  0  L
 3.645257115  11  11  1  L
 3.662955831  11  11  3  L
 3.662956492  11  11  2  L
 3.664178415  11  11  4  L
 3.986955588  11  11  5  L
 4.031709437  11  11  6  L
 4.031710473  11  11  0  L
 4.045843187  11  11  1  L
 4.079338138  11  11  3  L
 4.079339240  11  11  2  L
 4.080570057  11  11  4  L
 4.428571799  11  11  5  L
 4.464240677  11  11  6  L
 4.464242749  11  11  0  L
 4.512417750  11  11  1  L
 4.524460684  11  11  3  L
 4.524461335  11  11  2  L
 4.526818773  11  11  4  L
 4.877574599  11  11  5  L
 4.901449108  11  11  6  L
 4.901450607  11  11  0  L
 4.946638207  11  11  1  L
 4.960832456  11  11  3  L
 4.960833095  11  11  2  L
 4.961997830  11  11  4  L
 5.229435349  11  11  5  L
 5.270546713  11  11  6  L
 5.270548366  11  11  0  L
 5.312657576  11  11  1  L
 5.651303789  11  11  3  L
 5.651304340  11  11  2  L
 5.653509382  11  11  4  L
 5.966096338  11  11  5  L
 6.002323138  11  11  6  L
 6.002325310  11  11  0  L
 6.047005755  11  11  1  L
 6.396377545  11  11  3  L
 6.396378515  11  11  2  L
 6.397439139  11  11  4  L
 6.636530047  11  11  5  L
 6.673650019  11  11  6  L
 6.673652311  11  11  0  L
 6.694026147  11  11  1  L
 6.747347524  11  11  3  L
 6.747348406  11  11  2  L
 6.748548297  11  11  4  L
 6.991459907  11  11  5  L
 7.030549907  11  11  6  L
 7.030552012  11  11  0  L
 7.054167472  11  11  1  L
 7.291956080  11  11  3  L
 7.291956819  11  11  2  L
 7.293094552  11  11  4  L
 7.486748772  11  11  5  L
 7.528844933  11  11  6  L
 7.528846752  11  11  0  L
 7.540762981  11  11  1  L
 7.566821819  11  11  3  L
 7.566822470  11  11  2  L
 7.568022945  11  11  4  L
 7.722393958  11  11  5  L
 7.739911616  11  11  6  L
 7.739913259  11  11  0  L
 7.787131429  11  11  1  L
 7.892938020  11  11  3  L
 7.892938869  11  11  2  L
 7.894158488  11  11  4  L
 7.930051865  11  11  5  L
 7.979714306  11  11  6  L
 7.979716709  11  11  0  L
 7.998441612  11  11  1  L
 8.001930162  11  11  3  L
 8.001931694  11  11  2  L
 8.003094533  11  11  4  L
 8.044104694  11  11  5  L
 8.057729543  11  11  6  L
 8.057730832  11  11  0  L
 8.094145523  11  11  1  L
 8.161261970  11  11  3  L
 8.161263171  11  11  4  L
 8.161263866  11  11  5  L
 8.198874501  11  11  6  L
 8.198877223  11  11  0  L
 8.214445090  11  11  1  L
 8.239755659  11  11  3  L
 8.239756971  11  11  4  L
 8.283698655  11  11  5  L
 8.299090019  11  11  6  L
 8.299092168  11  11  0  L
 8.338495318  11  11  1  L
 8.349674836  11  11  3  L
 8.349676775  11  11  4  L
 8.349677547  11  11  5  L
 8.365600993  11  11  6  L
 8.365605313  11  11  0  L
 0.005032606  13  13  0  N
 0.052399390  13  13  1  N
 0.242582730  13  13  3  N
 0.242583204  13  13  2  N
 0.243781200  13  13  4  N
 0.551230122  13  13  5  N
 0.598710284  13  13  6  N
 0.598711662  13  13  0  N
 0.645065592  13  13  1  N
 0.974362928  13  13  3  N
 0.974366289  13  13  2  N
 0.975551546  13  13  4  N
 1.415314310  13  13  5  N
 1.442709341  13  13  6  N
 1.442710620  13  13  0  N
 1.480294210  13  13  1  N
 1.877628441  13  13  3  N
 1.877628970  13  13  2  N
 1.879878548  13  13  4  N
 2.283640684  13  13  5  N
 2.331720727  13  13  6  N
 2.331722468  13  13  0  N
 2.360676667  13  13  1  N
 2.761243441  13  13  3  N
 2.761244080  13  13  2  N
 2.762371058  13  13  4  N
 3.170445751  13  13  5  N
 3.214517748  13  13  6  N
 3.214519423  13  13  0  N
 3.242276396  13  13  1  N
 3.662910544  13  13  3  N
 3.662911403  13  13  2  N
 3.664151566  13  13  4  N
 4.032506441  13  13  5  N
 4.079200613  13  13  6  N
 4.079203016  13  13  0  N
 4.095486589  13  13  1  N
 4.525702398  13  13  3  N
 4.525704018  13  13  4  N
 4.931354453  13  13  5  N
 4.960746732  13  13  6  N
 4.960748804  13  13  0  N
 4.996719648  13  13  1  N
 5.284177347  13  13  3  N
 5.284178735  13  13  2  N
 5.285395940  13  13  4  N
 5.625767680  13  13  5  N
 5.650928033  13  13  6  N
 5.650929906  13  13  0  N
 5.680933506  13  13  1  N
 6.041891443  13  13  3  N
 6.041892369  13  13  2  N
 6.043100229  13  13  4  N
 6.364959948  13  13  5  N
 6.396121493  13  13  6  N
 6.396123775  13  13  0  N
 6.444880048  13  13  1  N
 6.747199229  13  13  3  N
 6.747200309  13  13  2  N
 6.748317643  13  13  4  N
 7.030764077  13  13  5  N
 7.045178064  13  13  6  N
 7.045179695  13  13  0  N
 7.075086066  13  13  1  N
 7.291724617  13  13  3  N
 7.291725421  13  13  2  N
 7.292921720  13  13  4  N
 7.529828680  13  13  5  N
 7.565946870  13  13  6  N
 7.565948502  13  13  0  N
 7.612022238  13  13  1  N
 7.786316667  13  13  3  N
 7.786317449  13  13  2  N
 7.787523832  13  13  4  N
 7.871782973  13  13  5  N
 7.892924411  13  13  6  N
 7.892926428  13  13  0  N
 7.920954187  13  13  1  N
 8.002266735  13  13  3  N
 8.002268465  13  13  4  N
 8.058403742  13  13  5  N
 8.070636503  13  13  6  N
 8.070639038  13  13  0  N
 8.087672987  13  13  1  N
 8.161015264  13  13  3  N
 8.161016664  13  13  2  N
 8.162229483  13  13  4  N
 8.199153883  13  13  5  N
 8.239499111  13  13  6  N
 8.239501050  13  13  0  N
 8.268245992  13  13  1  N
 8.333728861  13  13  3  N
 8.333730106  13  13  4  N
 8.333730822  13  13  5  N
 8.348453872  13  13  6  N
 8.348455757  13  13  0  N
 8.382778580  13  13  1  N
 8.382780806  13  13  3  N
 8.382781545  13  13  4  N
 8.382782349  13  13  5  N
 8.414160311  13  13  6  N
 8.414163485  13  13  0  N
 8.457651369  13  13  1  N
 8.457656075  13  13  3  N
 8.457657221  13  13  4  N
 8.457658511  13  13  5  N
 8.470496568  13  13  6  N
 8.470501362  13  13  0  N
 8.481473735  13  13  1  N
 8.481480491  13  13  3  N
 8.481483070  13  13  4  N
 8.481485550  13  13  5  N
 8.524129211  13  13  6  N
 8.524132120  13  13  0  N
 8.538823413  13  13  1  N
 8.538826521  13  13  3  N
 8.538827171  13  13  4  N
 8.538827909  13  13  5  N
 8.568924683  13  13  6  N
 8.568928033  13  13  0  N
 8.609728143  13  13  1  N
 8.609730799  13  13  3  N
 8.609731460  13  13  4  N
 8.609732188  13  13  5  N
 8.623638987  13  13  6  N
 8.623641973  13  13  0  N
 8.658270090  13  13  1  N
 8.658272338  13  13  3  N
 8.658272988  13  13  4  N
 8.658273605  13  13  5  N
 8.690635096  13  13  6  N
 8.690638512  13  13  0  N
-1  15  15  7 LOCAL_SECTION;ENTRY_PROTOCOL_1;ENTRY_PROTOCOL_2;ENTRY_PROTOCOL_3;ENTRY_PROTOCOL_4;CRITICAL_SECTION;EXIT_PROTOCOL;EXTRA_LABEL;
