 0.005232584  3  3  0  D
 0.017781548  3  3  1  D
 0.017784987  3  3  3  D
 0.017785626  3  3  4  D
 0.017785990  3  3  5  D
 0.067772043  3  3  6  D
 0.067776352  3  3  0  D
 0.101846913  3  3  1  D
 0.101849381  3  3  3  D
 0.101849525  3  3  2  D
 0.101850208  3  3  4  D
 0.101850439  3  3  5  D
 0.150857516  3  3  6  D
 0.150861572  3  3  0  D
 0.181364701  3  3  1  D
 0.489315553  3  3  3  D
 0.489315972  3  3  2  D
 0.489316655  3  3  4  D
 0.489316887  3  3  5  D
 0.507905532  3  3  6  D
 0.507907560  3  3  0  D
 0.553988964  3  3  1  D
 0.553990243  3  3  3  D
 0.553990441  3  3  2  D
 0.553991301  3  3  4  D
 0.553991532  3  3  5  D
 0.587096942  3  3  6  D
 0.587099742  3  3  0  D
 0.613072540  3  3  1  D
 0.817124493  3  3  3  D
 0.817145698  3  3  2  D
 0.817146370  3  3  4  D
 0.817146601  3  3  5  D
 0.858199141  3  3  6  D
 0.858200717  3  3  0  D
 0.880249716  3  3  1  D
 1.084776984  3  3  3  D
 1.084779221  3  3  2  D
 1.084780951  3  3  4  D
 1.084781535  3  3  5  D
 1.122816411  3  3  6  D
 1.122823498  3  3  0  D
 1.154296115  3  3  1  D
 1.705255012  3  3  3  D
 1.705259574  3  3  2  D
 1.705261922  3  3  4  D
 1.705263950  3  3  5  D
 1.721939622  3  3  6  D
 1.721943468  3  3  0  D
 1.738001071  3  3  1  D
 2.068580430  3  3  3  D
 2.068582259  3  3  2  D
 2.068582954  3  3  4  D
 2.068583185  3  3  5  D
 2.086827004  3  3  6  D
 2.086832922  3  3  0  D
 2.120647115  3  3  1  D
 2.450953691  3  3  3  D
 2.450955620  3  3  2  D
 2.450956347  3  3  4  D
 2.450956568  3  3  5  D
 2.467989001  3  3  6  D
 2.467992616  3  3  0  D
 2.493569831  3  3  1  D
 2.603844523  3  3  3  D
 2.603848479  3  3  2  D
 2.603850838  3  3  4  D
 2.603851124  3  3  5  D
 2.637744315  3  3  6  D
 2.637748008  3  3  0  D
 2.664614346  3  3  1  D
 3.521224982  3  3  3  D
 3.521227781  3  3  2  D
 3.521228608  3  3  4  D
 3.521228883  3  3  5  D
 3.534330061  3  3  6  D
 3.534334448  3  3  0  D
 3.547588735  3  3  1  D
 3.657808414  3  3  3  D
 3.657809979  3  3  2  D
 3.657811665  3  3  4  D
 3.657812249  3  3  5  D
 3.681049413  3  3  6  D
 3.681052895  3  3  0  D
 3.734534954  3  3  1  D
 3.734537831  3  3  3  D
 3.734537974  3  3  2  D
 3.734538657  3  3  4  D
 3.734538900  3  3  5  D
 3.775256841  3  3  6  D
 3.775259398  3  3  0  D
 3.820810528  3  3  1  D
 4.041131873  3  3  3  D
 4.041132667  3  3  2  D
 4.041133350  3  3  4  D
 4.041133592  3  3  5  D
 4.077463354  3  3  6  D
 4.077467475  3  3  0  D
 4.094290355  3  3  1  D
 4.094296207  3  3  3  D
 4.094296560  3  3  2  D
 4.094298235  3  3  4  D
 4.094298819  3  3  5  D
 4.146784325  3  3  6  D
 4.146788359  3  3  0  D
 4.201458626  3  3  1  D
 4.201461425  3  3  3  D
 4.201461635  3  3  2  D
 4.201462307  3  3  4  D
 4.201462539  3  3  5  D
 4.233262532  3  3  6  D
 4.233267447  3  3  0  D
 4.247760397  3  3  1  D
 4.688232287  3  3  3  D
 4.688233731  3  3  2  D
 4.688235417  3  3  4  D
 4.688236001  3  3  5  D
 4.713983916  3  3  6  D
 4.713986208  3  3  0  D
 0.005031616  1  1  0  B
 0.025758241  1  1  1  B
 0.647356321  1  1  3  B
 0.647356839  1  1  2  B
 0.647357566  1  1  4  B
 0.647357709  1  1  5  B
 0.690827983  1  1  6  B
 0.690830705  1  1  0  B
 0.720560048  1  1  1  B
 0.921642754  1  1  3  B
 0.921646170  1  1  2  B
 0.921646886  1  1  4  B
 0.921647019  1  1  5  B
 0.932897708  1  1  6  B
 0.932900055  1  1  0  B
 0.970559277  1  1  1  B
 0.970561845  1  1  3  B
 0.970562021  1  1  2  B
 0.970562870  1  1  4  B
 0.970563046  1  1  5  B
 1.010588902  1  1  6  B
 1.010592815  1  1  0  B
 1.052253704  1  1  1  B
 1.785485969  1  1  3  B
 1.785488339  1  1  2  B
 1.785489055  1  1  4  B
 1.785489210  1  1  5  B
 1.808246430  1  1  6  B
 1.808250144  1  1  0  B
 1.845389012  1  1  1  B
 1.845413159  1  1  3  B
 1.845413391  1  1  2  B
 1.845414063  1  1  4  B
 1.845414173  1  1  5  B
 1.868147681  1  1  6  B
 1.868153004  1  1  0  B
 1.892520430  1  1  1  B
 1.994363491  1  1  3  B
 1.994364296  1  1  2  B
 1.994365122  1  1  4  B
 1.994365288  1  1  5  B
 2.021029203  1  1  6  B
 2.021031871  1  1  0  B
 2.038552564  1  1  1  B
 2.140433938  1  1  3  B
 2.140438324  1  1  2  B
 2.140439096  1  1  4  B
 2.140439239  1  1  5  B
 2.163327124  1  1  6  B
 2.163331455  1  1  0  B
 2.212960634  1  1  1  B
 2.316011818  1  1  3  B
 2.316013945  1  1  2  B
 2.316014640  1  1  4  B
 2.316014783  1  1  5  B
 2.370605625  1  1  6  B
 2.370661303  1  1  0  B
 2.386923401  1  1  1  B
 4.321611771  1  1  3  B
 4.321613480  1  1  2  B
 4.321614339  1  1  4  B
 4.321614527  1  1  5  B
 4.339697575  1  1  6  B
 4.339700088  1  1  0  B
 4.366210998  1  1  1  B
 4.568260761  1  1  3  B
 4.568261852  1  1  2  B
 4.568262602  1  1  4  B
 4.568262745  1  1  5  B
 4.607702955  1  1  6  B
 4.607704531  1  1  0  B
 4.635833778  1  1  1  B
 5.138402124  1  1  3  B
 5.138403115  1  1  2  B
 5.138404008  1  1  4  B
 5.138404196  1  1  5  B
 5.180518534  1  1  6  B
 5.180520341  1  1  0  B
 5.205247886  1  1  1  B
 6.218372919  1  1  3  B
 6.218376402  1  1  2  B
 6.218377262  1  1  4  B
 6.218377438  1  1  5  B
 6.267178079  1  1  6  B
 6.267180857  1  1  0  B
 0.006215217  13  13  0  N
 0.021452096  13  13  1  N
 0.322169132  13  13  3  N
 0.322171005  13  13  2  N
 0.322171677  13  13  4  N
 0.322172295  13  13  5  N
 0.352223429  13  13  6  N
 0.352226482  13  13  0  N
 0.394401920  13  13  1  N
 0.596058005  13  13  3  N
 0.596058413  13  13  2  N
 0.596059129  13  13  4  N
 0.596059746  13  13  5  N
 0.631281367  13  13  6  N
 0.631287473  13  13  0  N
 0.652203919  13  13  1  N
 1.257195146  13  13  3  N
 1.257196458  13  13  2  N
 1.257197141  13  13  4  N
 1.257197769  13  13  5  N
 1.276995834  13  13  6  N
 1.277000816  13  13  0  N
 1.296266329  13  13  1  N
 1.296270164  13  13  3  N
 1.296270484  13  13  2  N
 1.296271189  13  13  4  N
 1.296271817  13  13  5  N
 1.341812754  13  13  6  N
 1.341817316  13  13  0  N
 1.354488183  13  13  1  N
 1.354509035  13  13  3  N
 1.354509178  13  13  2  N
 1.354509861  13  13  4  N
 1.354510490  13  13  5  N
 1.375335551  13  13  6  N
 1.375339121  13  13  0  N
 1.419878015  13  13  1  N
 1.724930606  13  13  3  N
 1.724931708  13  13  2  N
 1.724932391  13  13  4  N
 1.724933019  13  13  5  N
 1.757713254  13  13  6  N
 1.757715690  13  13  0  N
 1.769711444  13  13  1  N
 3.096404550  13  13  3  N
 3.096406897  13  13  2  N
 3.096411559  13  13  4  N
 3.096412826  13  13  5  N
 3.138887023  13  13  6  N
 3.138888908  13  13  0  N
 3.159300988  13  13  1  N
 3.259614220  13  13  3  N
 3.259616127  13  13  2  N
 3.259616777  13  13  4  N
 3.259617383  13  13  5  N
 3.279487521  13  13  6  N
 3.279491566  13  13  0  N
 3.298535058  13  13  1  N
 3.298537791  13  13  3  N
 3.298537967  13  13  2  N
 3.298538783  13  13  4  N
 3.298539532  13  13  5  N
 3.319232935  13  13  6  N
 3.319235459  13  13  0  N
 3.362604252  13  13  1  N
 3.783946225  13  13  3  N
 3.783948529  13  13  2  N
 3.783949333  13  13  4  N
 3.783950006  13  13  5  N
 3.802450566  13  13  6  N
 3.802457862  13  13  0  N
 3.842790833  13  13  1  N
 3.842792431  13  13  3  N
 3.842792563  13  13  2  N
 3.842793489  13  13  4  N
 3.842794117  13  13  5  N
 3.885836016  13  13  6  N
 3.885840931  13  13  0  N
 3.910954521  13  13  1  N
 6.371609065  13  13  3  N
 6.371609848  13  13  2  N
 6.371610619  13  13  4  N
 6.371611314  13  13  5  N
 6.416173792  13  13  6  N
 6.416177197  13  13  0  N
 0.005919325  10  10  0  K
 0.035575280  10  10  1  K
 0.439198111  10  10  3  K
 0.439198640  10  10  2  K
 0.439199312  10  10  4  K
 0.439199830  10  10  5  K
 0.450180405  10  10  6  K
 0.450182257  10  10  0  K
 0.497784099  10  10  1  K
 0.699103712  10  10  3  K
 0.699104296  10  10  2  K
 0.699105222  10  10  4  K
 0.699105905  10  10  5  K
 0.725909379  10  10  6  K
 0.725912763  10  10  0  K
 0.759981024  10  10  1  K
 0.860286609  10  10  3  K
 0.860287248  10  10  2  K
 0.860288108  10  10  4  K
 0.860288747  10  10  5  K
 0.872563784  10  10  6  K
 0.872567201  10  10  0  K
 0.891450530  10  10  1  K
 1.399694233  10  10  3  K
 1.399695843  10  10  2  K
 1.399696537  10  10  4  K
 1.399697044  10  10  5  K
 1.434597469  10  10  6  K
 1.434600709  10  10  0  K
 1.472481147  10  10  1  K
 2.478380569  10  10  3  K
 2.478383292  10  10  2  K
 2.478384239  10  10  4  K
 2.478384912  10  10  5  K
 2.504697966  10  10  6  K
 2.504700876  10  10  0  K
 2.521732312  10  10  1  K
 4.467388050  10  10  3  K
 4.467389736  10  10  2  K
 4.467390430  10  10  4  K
 4.467390948  10  10  5  K
 4.481789414  10  10  6  K
 4.481792655  10  10  0  K
 4.525242793  10  10  1  K
 4.525251533  10  10  3  K
 4.525251676  10  10  2  K
 4.525252459  10  10  4  K
 4.525252977  10  10  5  K
 4.565219627  10  10  6  K
 4.565222867  10  10  0  K
 4.604655253  10  10  1  K
 5.231783014  10  10  3  K
 5.231785229  10  10  2  K
 5.231786530  10  10  4  K
 5.231787511  10  10  5  K
 5.252836044  10  10  6  K
 5.252838998  10  10  0  K
 5.298929362  10  10  1  K
 5.400615804  10  10  3  K
 5.400617578  10  10  2  K
 5.400619297  10  10  4  K
 5.400620587  10  10  5  K
 5.450178438  10  10  6  K
 5.450180863  10  10  0  K
 5.469969739  10  10  1  K
 5.672765871  10  10  3  K
 5.672766995  10  10  2  K
 5.672768020  10  10  4  K
 5.672768527  10  10  5  K
 5.712035355  10  10  6  K
 5.712037537  10  10  0  K
 5.735031092  10  10  1  K
 5.837371531  10  10  3  K
 5.837373404  10  10  2  K
 5.837375123  10  10  4  K
 5.837376402  10  10  5  K
 5.876573664  10  10  6  K
 5.876576298  10  10  0  K
 5.909810402  10  10  1  K
 6.113941882  10  10  3  K
 6.113943821  10  10  2  K
 6.113944505  10  10  4  K
 6.113945012  10  10  5  K
 6.153343838  10  10  6  K
 6.153347772  10  10  0  K
 6.182673053  10  10  1  K
 6.486743067  10  10  3  K
 6.486743971  10  10  2  K
 6.486744654  10  10  4  K
 6.486745161  10  10  5  K
 6.514795442  10  10  6  K
 6.514803079  10  10  0  K
 0.004928933  0  0  0  A
 0.025423573  0  0  1  A
 0.528812533  0  0  3  A
 0.528815399  0  0  2  A
 0.528816148  0  0  4  A
 0.528816203  0  0  5  A
 0.548407334  0  0  6  A
 0.548413330  0  0  0  A
 0.575480670  0  0  1  A
 1.809767662  0  0  3  A
 1.809768632  0  0  2  A
 1.809769205  0  0  4  A
 1.809769249  0  0  5  A
 1.845389026  0  0  6  A
 1.845391748  0  0  0  A
 1.896021304  0  0  1  A
 2.402554955  0  0  3  A
 2.402556266  0  0  2  A
 2.402556939  0  0  4  A
 2.402556994  0  0  5  A
 2.444388069  0  0  6  A
 2.444392357  0  0  0  A
 2.481506208  0  0  1  A
 3.197680154  0  0  3  A
 3.197682799  0  0  2  A
 3.197683703  0  0  4  A
 3.197683769  0  0  5  A
 3.223442573  0  0  6  A
 3.223446562  0  0  0  A
 3.262567637  0  0  1  A
 3.976577161  0  0  3  A
 3.976580269  0  0  2  A
 3.976581129  0  0  4  A
 3.976581195  0  0  5  A
 4.014682088  0  0  6  A
 4.014684843  0  0  0  A
 4.047287155  0  0  1  A
 4.148052989  0  0  3  A
 4.148053827  0  0  2  A
 4.148054521  0  0  4  A
 4.148054576  0  0  5  A
 4.182399189  0  0  6  A
 4.182403509  0  0  0  A
 4.236715318  0  0  1  A
 4.236716618  0  0  3  A
 4.236716784  0  0  2  A
 4.236717467  0  0  4  A
 4.236717522  0  0  5  A
 4.252560336  0  0  6  A
 4.252562056  0  0  0  A
 4.293518272  0  0  1  A
 4.395102924  0  0  3  A
 4.395104334  0  0  2  A
 4.395105062  0  0  4  A
 4.395105106  0  0  5  A
 4.408905351  0  0  6  A
 4.408911611  0  0  0  A
 4.442963638  0  0  1  A
 4.442965545  0  0  3  A
 4.442965710  0  0  2  A
 4.442966393  0  0  4  A
 4.442966448  0  0  5  A
 4.456399747  0  0  6  A
 4.456403979  0  0  0  A
 4.507021427  0  0  1  A
 4.810960200  0  0  3  A
 4.810962128  0  0  2  A
 4.810962812  0  0  4  A
 4.810962867  0  0  5  A
 4.832400179  0  0  6  A
 4.832403805  0  0  0  A
 4.880638936  0  0  1  A
 4.880641603  0  0  3  A
 4.880641757  0  0  2  A
 4.880642440  0  0  4  A
 4.880642496  0  0  5  A
 4.926570004  0  0  6  A
 4.926574192  0  0  0  A
 4.971931451  0  0  1  A
 4.971937259  0  0  3  A
 4.971937667  0  0  2  A
 4.971939386  0  0  4  A
 4.971939507  0  0  5  A
 4.987903729  0  0  6  A
 4.987909008  0  0  0  A
 5.013951790  0  0  1  A
 5.317480013  0  0  3  A
 5.317481941  0  0  2  A
 5.317482845  0  0  4  A
 5.317482922  0  0  5  A
 5.355535796  0  0  6  A
 5.355538265  0  0  0  A
 5.373332250  0  0  1  A
 5.373334906  0  0  3  A
 5.373335071  0  0  2  A
 5.373335754  0  0  4  A
 5.373335809  0  0  5  A
 5.397084679  0  0  6  A
 5.397091600  0  0  0  A
 5.421352593  0  0  1  A
 5.825358382  0  0  3  A
 5.825359649  0  0  2  A
 5.825361391  0  0  4  A
 5.825361523  0  0  5  A
 5.835802168  0  0  6  A
 5.835805640  0  0  0  A
 5.861398720  0  0  1  A
 6.666595513  0  0  3  A
 6.666596428  0  0  2  A
 6.666597122  0  0  4  A
 6.666597166  0  0  5  A
 6.699406628  0  0  6  A
 6.699409637  0  0  0  A
 6.720065459  0  0  1  A
 6.720067146  0  0  3  A
 6.720067377  0  0  2  A
 6.720068138  0  0  4  A
 6.720068193  0  0  5  A
 6.755432204  0  0  6  A
 6.755433648  0  0  0  A
 6.769148426  0  0  1  A
 6.869559921  0  0  3  A
 6.869562026  0  0  2  A
 6.869562698  0  0  4  A
 6.869562742  0  0  5  A
 6.896100336  0  0  6  A
 6.896104160  0  0  0  A
 6.926597689  0  0  1  A
 7.229427713  0  0  3  A
 7.229430225  0  0  2  A
 7.229431118  0  0  4  A
 7.229431195  0  0  5  A
 7.246089437  0  0  6  A
 7.246094827  0  0  0  A
 7.261602540  0  0  1  A
 7.864986318  0  0  3  A
 7.864988655  0  0  2  A
 7.864989878  0  0  4  A
 7.864989977  0  0  5  A
 7.896052773  0  0  6  A
 7.896056806  0  0  0  A
 7.922657042  0  0  1  A
 7.922659400  0  0  3  A
 7.922659588  0  0  2  A
 7.922660150  0  0  4  A
 7.922660194  0  0  5  A
 7.954439925  0  0  6  A
 7.954445215  0  0  0  A
 0.006313965  14  14  0  O
 0.018344612  14  14  1  O
 0.426020529  14  14  3  O
 0.426022017  14  14  2  O
 0.426022910  14  14  4  O
 0.426023758  14  14  5  O
 0.438006078  14  14  6  O
 0.438006971  14  14  0  O
 0.482499091  14  14  1  O
 1.609715445  14  14  3  O
 1.609717175  14  14  2  O
 1.609718167  14  14  4  O
 1.609719049  14  14  5  O
 1.624172878  14  14  6  O
 1.624175721  14  14  0  O
 1.649898198  14  14  1  O
 2.789839406  14  14  3  O
 2.789840839  14  14  2  O
 2.789841588  14  14  4  O
 2.789842326  14  14  5  O
 2.832489981  14  14  6  O
 2.832492714  14  14  0  O
 2.858100918  14  14  1  O
 3.465336177  14  14  3  O
 3.465337599  14  14  2  O
 3.465338139  14  14  4  O
 3.465338657  14  14  5  O
 3.490905873  14  14  6  O
 3.490908684  14  14  0  O
 3.515228827  14  14  1  O
 4.627064784  14  14  3  O
 4.627066602  14  14  2  O
 4.627067275  14  14  4  O
 4.627067936  14  14  5  O
 4.656984316  14  14  6  O
 4.656986046  14  14  0  O
 4.693056208  14  14  1  O
 4.995155223  14  14  3  O
 4.995157075  14  14  2  O
 4.995157935  14  14  4  O
 4.995158761  14  14  5  O
 5.026831594  14  14  6  O
 5.026832982  14  14  0  O
 5.042957252  14  14  1  O
 5.745014521  14  14  3  O
 5.745016449  14  14  2  O
 5.745017375  14  14  4  O
 5.745018257  14  14  5  O
 5.794180785  14  14  6  O
 5.794182779  14  14  0  O
 5.824468408  14  14  1  O
 5.925082230  14  14  3  O
 5.925082902  14  14  2  O
 5.925083585  14  14  4  O
 5.925084258  14  14  5  O
 5.964721060  14  14  6  O
 5.964722823  14  14  0  O
 5.995912495  14  14  1  O
 5.995914567  14  14  3  O
 5.995914765  14  14  2  O
 5.995915437  14  14  4  O
 5.995916110  14  14  5  O
 6.021096222  14  14  6  O
 6.021097919  14  14  0  O
 6.052915215  14  14  1  O
 6.154529711  14  14  3  O
 6.154530362  14  14  2  O
 6.154530957  14  14  4  O
 6.154531541  14  14  5  O
 6.192995389  14  14  6  O
 6.192997241  14  14  0  O
 6.228266433  14  14  1  O
 6.633869891  14  14  3  O
 6.633873660  14  14  2  O
 6.633874652  14  14  4  O
 6.633875534  14  14  5  O
 6.666582800  14  14  6  O
 6.666584717  14  14  0  O
 6.682390545  14  14  1  O
 7.196106841  14  14  3  O
 7.196108791  14  14  2  O
 7.196109938  14  14  4  O
 7.196110908  14  14  5  O
 7.207786348  14  14  6  O
 7.207789356  14  14  0  O
 7.250138858  14  14  1  O
 7.250144490  14  14  3  O
 7.250144776  14  14  2  O
 7.250146650  14  14  4  O
 7.250147388  14  14  5  O
 7.299696124  14  14  6  O
 7.299698560  14  14  0  O
 7.342841317  14  14  1  O
 7.342844558  14  14  3  O
 7.342844855  14  14  2  O
 7.342846530  14  14  4  O
 7.342847456  14  14  5  O
 7.389445843  14  14  6  O
 7.389449249  14  14  0  O
 7.428944974  14  14  1  O
 7.640287283  14  14  3  O
 7.640289972  14  14  2  O
 7.640291096  14  14  4  O
 7.640295494  14  14  5  O
 7.677008419  14  14  6  O
 7.677011627  14  14  0  O
 7.728099982  14  14  1  O
 7.728102627  14  14  3  O
 7.728102770  14  14  2  O
 7.728103432  14  14  4  O
 7.728104093  14  14  5  O
 7.743088921  14  14  6  O
 7.743092712  14  14  0  O
 7.765868784  14  14  1  O
 7.966658267  14  14  3  O
 7.966660284  14  14  2  O
 7.966661364  14  14  4  O
 7.966662246  14  14  5  O
 7.989906044  14  14  6  O
 7.989910408  14  14  0  O
 8.032897012  14  14  1  O
 8.032899337  14  14  3  O
 8.032899547  14  14  2  O
 8.032900175  14  14  4  O
 8.032900781  14  14  5  O
 8.063809660  14  14  6  O
 8.063815093  14  14  0  O
 0.005330616  4  4  0  E
 0.053833679  4  4  1  E
 0.255246387  4  4  3  E
 0.255247721  4  4  2  E
 0.255248250  4  4  4  E
 0.255248459  4  4  5  E
 0.291636180  4  4  6  E
 0.291640357  4  4  0  E
 0.336263231  4  4  1  E
 3.399993242  4  4  3  E
 3.399994708  4  4  2  E
 3.399995347  4  4  4  E
 3.399995612  4  4  5  E
 3.445919186  4  4  6  E
 3.445921654  4  4  0  E
 3.482817398  4  4  1  E
 3.589661266  4  4  3  E
 3.589664517  4  4  2  E
 3.589665266  4  4  4  E
 3.589665542  4  4  5  E
 3.618197408  4  4  6  E
 3.618199756  4  4  0  E
 3.639748225  4  4  1  E
 4.346706967  4  4  3  E
 4.346708665  4  4  2  E
 4.346709414  4  4  4  E
 4.346709745  4  4  5  E
 4.366396037  4  4  6  E
 4.366399696  4  4  0  E
 4.378808396  4  4  1  E
 5.193063276  4  4  3  E
 5.193065040  4  4  2  E
 5.193065933  4  4  4  E
 5.193066230  4  4  5  E
 5.221728112  4  4  6  E
 5.221735529  4  4  0  E
 5.261897097  4  4  1  E
 5.261901428  4  4  3  E
 5.261901572  4  4  2  E
 5.261902310  4  4  4  E
 5.261902575  4  4  5  E
 5.307376258  4  4  6  E
 5.307378870  4  4  0  E
 5.323325844  4  4  1  E
 6.844114607  4  4  3  E
 6.844118156  4  4  2  E
 6.844118828  4  4  4  E
 6.844119104  4  4  5  E
 6.855775356  4  4  6  E
 6.855779312  4  4  0  E
 6.888085141  4  4  1  E
 7.503272215  4  4  3  E
 7.503273945  4  4  2  E
 7.503274992  4  4  4  E
 7.503275389  4  4  5  E
 7.523543271  4  4  6  E
 7.523547779  4  4  0  E
 7.559631529  4  4  1  E
 8.473391802  4  4  3  E
 8.473395582  4  4  2  E
 8.473396431  4  4  4  E
 8.473396695  4  4  5  E
 8.492627633  4  4  6  E
 8.492629947  4  4  0  E
 8.530336223  4  4  1  E
 8.530338658  4  4  3  E
 8.530338890  4  4  2  E
 8.530339573  4  4  4  E
 8.530339837  4  4  5  E
 8.545826374  4  4  6  E
 8.545829956  4  4  0  E
 8.574540793  4  4  1  E
 8.675125544  4  4  3  E
 8.675126778  4  4  2  E
 8.675127715  4  4  4  E
 8.675128024  4  4  5  E
 8.716120797  4  4  6  E
 8.716124742  4  4  0  E
 8.758968954  4  4  1  E
 8.859116653  4  4  3  E
 8.859117446  4  4  2  E
 8.859118130  4  4  4  E
 8.859118405  4  4  5  E
 8.890673412  4  4  6  E
 8.890675385  4  4  0  E
 8.944837814  4  4  1  E
 8.944839324  4  4  3  E
 8.944839556  4  4  2  E
 8.944840250  4  4  4  E
 8.944840526  4  4  5  E
 8.998870100  4  4  6  E
 8.998872579  4  4  0  E
 0.005723967  8  8  0  I
 0.053836879  8  8  1  I
 0.359033195  8  8  3  I
 0.359034650  8  8  2  I
 0.359035532  8  8  4  I
 0.359036094  8  8  5  I
 0.408336367  8  8  6  I
 0.408342836  8  8  0  I
 0.437102756  8  8  1  I
 0.739900488  8  8  3  I
 0.739903045  8  8  2  I
 0.739903915  8  8  4  I
 0.739904466  8  8  5  I
 0.776856054  8  8  6  I
 0.776859371  8  8  0  I
 0.792030621  8  8  1  I
 2.023319686  8  8  3  I
 2.023321362  8  8  2  I
 2.023322089  8  8  4  I
 2.023322607  8  8  5  I
 2.053929950  8  8  6  I
 2.053934943  8  8  0  I
 2.086899621  8  8  1  I
 2.086900910  8  8  3  I
 2.086901053  8  8  2  I
 2.086901737  8  8  4  I
 2.086902167  8  8  5  I
 2.134720936  8  8  6  I
 2.134722799  8  8  0  I
 2.168564048  8  8  1  I
 2.168583202  8  8  3  I
 2.168583346  8  8  2  I
 2.168584073  8  8  4  I
 2.168584525  8  8  5  I
 2.180419129  8  8  6  I
 2.180421245  8  8  0  I
 2.195873651  8  8  1  I
 4.015147411  8  8  3  I
 4.015148271  8  8  2  I
 4.015148943  8  8  4  I
 4.015149373  8  8  5  I
 4.037640271  8  8  6  I
 4.037646674  8  8  0  I
 4.071656501  8  8  1  I
 4.375471377  8  8  3  I
 4.375472226  8  8  2  I
 4.375473074  8  8  4  I
 4.375473614  8  8  5  I
 4.394943797  8  8  6  I
 4.394947764  8  8  0  I
 4.413277491  8  8  1  I
 4.413280853  8  8  3  I
 4.413281337  8  8  2  I
 4.413282980  8  8  4  I
 4.413284016  8  8  5  I
 4.437394947  8  8  6  I
 4.437398661  8  8  0  I
 4.449630474  8  8  1  I
 4.755345780  8  8  3  I
 4.755346739  8  8  2  I
 4.755347587  8  8  4  I
 4.755348127  8  8  5  I
 4.794484433  8  8  6  I
 4.794485722  8  8  0  I
 4.838746412  8  8  1  I
 6.561506825  8  8  3  I
 6.561508423  8  8  2  I
 6.561509227  8  8  4  I
 6.561509646  8  8  5  I
 6.574304456  8  8  6  I
 6.574307013  8  8  0  I
 6.595019086  8  8  1  I
 6.898310354  8  8  3  I
 6.898312877  8  8  2  I
 6.898313638  8  8  4  I
 6.898314079  8  8  5  I
 6.932707691  8  8  6  I
 6.932711647  8  8  0  I
 6.986278986  8  8  1  I
 7.397371937  8  8  3  I
 7.397374273  8  8  2  I
 7.397375397  8  8  4  I
 7.397376224  8  8  5  I
 7.432336335  8  8  6  I
 7.432340369  8  8  0  I
 7.478666419  8  8  1  I
 7.680415124  8  8  3  I
 7.680418122  8  8  2  I
 7.680418894  8  8  4  I
 7.680419401  8  8  5  I
 7.724317995  8  8  6  I
 7.724321621  8  8  0  I
 7.745071155  8  8  1  I
 7.745074549  8  8  3  I
 7.745074703  8  8  2  I
 7.745075519  8  8  4  I
 7.745076004  8  8  5  I
 7.784289358  8  8  6  I
 7.784291496  8  8  0  I
 7.826405032  8  8  1  I
 7.826407920  8  8  3  I
 7.826408030  8  8  2  I
 7.826408581  8  8  4  I
 7.826408934  8  8  5  I
 7.860858936  8  8  6  I
 7.860863300  8  8  0  I
 7.885049439  8  8  1  I
 8.791943181  8  8  3  I
 8.791945209  8  8  2  I
 8.791945837  8  8  4  I
 8.791946234  8  8  5  I
 8.804143605  8  8  6  I
 8.804147441  8  8  0  I
 8.838570093  8  8  1  I
 8.838574380  8  8  3  I
 8.838574611  8  8  2  I
 8.838575328  8  8  4  I
 8.838575758  8  8  5  I
 8.858705856  8  8  6  I
 8.858709349  8  8  0  I
 8.890596265  8  8  1  I
 9.092291231  8  8  3  I
 9.092292895  8  8  2  I
 9.092293579  8  8  4  I
 9.092294008  8  8  5  I
 9.135894561  8  8  6  I
 9.135898496  8  8  0  I
 0.005526613  6  6  0  G
 0.054120721  6  6  1  G
 0.462820530  6  6  3  G
 0.462821907  6  6  2  G
 0.462822778  6  6  4  G
 0.462823252  6  6  5  G
 0.487901927  6  6  6  G
 0.487905993  6  6  0  G
 0.532657307  6  6  1  G
 0.634546077  6  6  3  G
 0.634546562  6  6  2  G
 0.634547433  6  6  4  G
 0.634547774  6  6  5  G
 0.645745221  6  6  6  G
 0.645748627  6  6  0  G
 0.677931280  6  6  1  G
 0.778387975  6  6  3  G
 0.778388988  6  6  2  G
 0.778389683  6  6  4  G
 0.778390091  6  6  5  G
 0.809087894  6  6  6  G
 0.809092281  6  6  0  G
 0.851876034  6  6  1  G
 1.153519605  6  6  3  G
 1.153522977  6  6  2  G
 1.153523682  6  6  4  G
 1.153524035  6  6  5  G
 1.185422964  6  6  6  G
 1.185429995  6  6  0  G
 1.227712502  6  6  1  G
 1.934403365  6  6  3  G
 1.934404147  6  6  2  G
 1.934405128  6  6  4  G
 1.934405635  6  6  5  G
 1.950184847  6  6  6  G
 1.950188616  6  6  0  G
 1.973994993  6  6  1  G
 2.282471751  6  6  3  G
 2.282473746  6  6  2  G
 2.282474308  6  6  4  G
 2.282474649  6  6  5  G
 2.310208408  6  6  6  G
 2.310211251  6  6  0  G
 2.358429926  6  6  1  G
 2.561372503  6  6  3  G
 2.561374255  6  6  2  G
 2.561375302  6  6  4  G
 2.561375776  6  6  5  G
 2.601188830  6  6  6  G
 2.601194186  6  6  0  G
 2.625491064  6  6  1  G
 3.334338124  6  6  3  G
 3.334339755  6  6  2  G
 3.334340527  6  6  4  G
 3.334340902  6  6  5  G
 3.372054141  6  6  6  G
 3.372057426  6  6  0  G
 3.414790714  6  6  1  G
 5.034322206  6  6  3  G
 5.034325524  6  6  2  G
 5.034326438  6  6  4  G
 5.034326912  6  6  5  G
 5.052524894  6  6  6  G
 5.052528355  6  6  0  G
 5.095388242  6  6  1  G
 5.718521790  6  6  3  G
 5.718522682  6  6  2  G
 5.718523476  6  6  4  G
 5.718523817  6  6  5  G
 5.737663170  6  6  6  G
 5.737664735  6  6  0  G
 5.758716244  6  6  1  G
 6.973142804  6  6  3  G
 6.973144535  6  6  2  G
 6.973145240  6  6  4  G
 6.973145593  6  6  5  G
 6.999638081  6  6  6  G
 6.999641983  6  6  0  G
 7.026750090  6  6  1  G
 7.026753309  6  6  3  G
 7.026753639  6  6  2  G
 7.026754862  6  6  4  G
 7.026755458  6  6  5  G
 7.060747567  6  6  6  G
 7.060750664  6  6  0  G
 7.107203441  6  6  1  G
 7.107207232  6  6  3  G
 7.107207397  6  6  2  G
 7.107208444  6  6  4  G
 7.107208830  6  6  5  G
 7.138696546  6  6  6  G
 7.138700547  6  6  0  G
 7.171319693  6  6  1  G
 8.586778788  6  6  3  G
 8.586779571  6  6  2  G
 8.586780287  6  6  4  G
 8.586780640  6  6  5  G
 8.631377757  6  6  6  G
 8.631384182  6  6  0  G
 8.646838377  6  6  1  G
 8.750391885  6  6  3  G
 8.750393769  6  6  2  G
 8.750394574  6  6  4  G
 8.750394981  6  6  5  G
 8.783470491  6  6  6  G
 8.783482868  6  6  0  G
 8.812399753  6  6  1  G
 8.812401407  6  6  3  G
 8.812401638  6  6  2  G
 8.812402332  6  6  4  G
 8.812402674  6  6  5  G
 8.825063623  6  6  6  G
 8.825069177  6  6  0  G
 8.844958014  6  6  1  G
 9.145904999  6  6  3  G
 9.145906201  6  6  2  G
 9.145906917  6  6  4  G
 9.145907270  6  6  5  G
 9.182088776  6  6  6  G
 9.182090738  6  6  0  G
 9.198689692  6  6  1  G
 9.308877380  6  6  3  G
 9.308879143  6  6  2  G
 9.308880366  6  6  4  G
 9.308880918  6  6  5  G
 9.336378065  6  6  6  G
 9.336381614  6  6  0  G
 0.006017511  11  11  0  L
 0.035995316  11  11  1  L
 1.461617874  11  11  3  L
 1.461620619  11  11  2  L
 1.461621412  11  11  4  L
 1.461621963  11  11  5  L
 1.506671712  11  11  6  L
 1.506673674  11  11  0  L
 1.528410678  11  11  1  L
 2.642693681  11  11  3  L
 2.642695444  11  11  2  L
 2.642696083  11  11  4  L
 2.642696612  11  11  5  L
 2.669982725  11  11  6  L
 2.669987134  11  11  0  L
 2.697625592  11  11  1  L
 4.832874137  11  11  3  L
 4.832874832  11  11  2  L
 4.832875691  11  11  4  L
 4.832876363  11  11  5  L
 4.845409656  11  11  6  L
 4.845410868  11  11  0  L
 4.880652765  11  11  1  L
 5.087029062  11  11  3  L
 5.087031277  11  11  2  L
 5.087033007  11  11  4  L
 5.087034374  11  11  5  L
 5.138355696  11  11  6  L
 5.138360666  11  11  0  L
 5.178444460  11  11  1  L
 5.587087393  11  11  3  L
 5.587089895  11  11  2  L
 5.587091052  11  11  4  L
 5.587091790  11  11  5  L
 5.634747448  11  11  6  L
 5.634751405  11  11  0  L
 5.656104240  11  11  1  L
 6.269011414  11  11  3  L
 6.269012725  11  11  2  L
 6.269013607  11  11  4  L
 6.269014312  11  11  5  L
 6.285059146  11  11  6  L
 6.285060766  11  11  0  L
 6.314777265  11  11  1  L
 6.314779866  11  11  3  L
 6.314780043  11  11  2  L
 6.314780880  11  11  4  L
 6.314781442  11  11  5  L
 6.337567825  11  11  6  L
 6.337569180  11  11  0  L
 6.359785049  11  11  1  L
 6.460431171  11  11  3  L
 6.460432681  11  11  2  L
 6.460433452  11  11  4  L
 6.460434147  11  11  5  L
 6.486736894  11  11  6  L
 6.486740442  11  11  0  L
 6.519740261  11  11  1  L
 6.519742190  11  11  3  L
 6.519742333  11  11  2  L
 6.519743017  11  11  4  L
 6.519743557  11  11  5  L
 6.553226582  11  11  6  L
 6.553233205  11  11  0  L
 6.589534001  11  11  1  L
 6.589536381  11  11  3  L
 6.589536513  11  11  2  L
 6.589537186  11  11  4  L
 6.589537737  11  11  5  L
 6.606277033  11  11  6  L
 6.606279502  11  11  0  L
 6.639092258  11  11  1  L
 8.069984319  11  11  3  L
 8.069986259  11  11  2  L
 8.069987140  11  11  4  L
 8.069987636  11  11  5  L
 8.119462245  11  11  6  L
 8.119465849  11  11  0  L
 8.165583962  11  11  1  L
 8.165586398  11  11  3  L
 8.165586607  11  11  2  L
 8.165587235  11  11  4  L
 8.165587742  11  11  5  L
 8.199323577  11  11  6  L
 8.199328041  11  11  0  L
 8.249733641  11  11  1  L
 8.249735856  11  11  3  L
 8.249736065  11  11  2  L
 8.249736738  11  11  4  L
 8.249737234  11  11  5  L
 8.296583673  11  11  6  L
 8.296586979  11  11  0  L
 8.326401130  11  11  1  L
 8.638206326  11  11  3  L
 8.638207263  11  11  2  L
 8.638207969  11  11  4  L
 8.638208520  11  11  5  L
 8.673483418  11  11  6  L
 8.673487319  11  11  0  L
 8.716302899  11  11  1  L
 8.716304376  11  11  3  L
 8.716304607  11  11  2  L
 8.716305291  11  11  4  L
 8.716305842  11  11  5  L
 8.748045054  11  11  6  L
 8.748048834  11  11  0  L
 8.774678906  11  11  1  L
 9.183373363  11  11  3  L
 9.183373991  11  11  2  L
 9.183374531  11  11  4  L
 9.183374950  11  11  5  L
 9.231293971  11  11  6  L
 9.231297740  11  11  0  L
 9.257078513  11  11  1  L
 9.257081533  11  11  3  L
 9.257081831  11  11  2  L
 9.257082404  11  11  4  L
 9.257082845  11  11  5  L
 9.307292408  11  11  6  L
 9.307294711  11  11  0  L
 9.354852084  11  11  1  L
 9.354854288  11  11  3  L
 9.354854509  11  11  2  L
 9.354855170  11  11  4  L
 9.354855699  11  11  5  L
 9.376519998  11  11  6  L
 9.376526159  11  11  0  L
 9.424295759  11  11  1  L
 9.532970382  11  11  3  L
 9.532971186  11  11  2  L
 9.532971891  11  11  4  L
 9.532972432  11  11  5  L
 9.553421510  11  11  6  L
 9.553422712  11  11  0  L
 9.581814876  11  11  1  L
 9.581818855  11  11  3  L
 9.581819086  11  11  2  L
 9.581819979  11  11  4  L
 9.581820530  11  11  5  L
 9.631953093  11  11  6  L
 9.631956708  11  11  0  L
 9.662688447  11  11  1  L
 9.662689879  11  11  3  L
 9.662690144  11  11  2  L
 9.662690838  11  11  4  L
 9.662691378  11  11  5  L
 9.692750503  11  11  6  L
 9.692752432  11  11  0  L
 9.742429001  11  11  1  L
 9.852568460  11  11  3  L
 9.852569507  11  11  2  L
 9.852570201  11  11  4  L
 9.852570753  11  11  5  L
 9.893234692  11  11  6  L
 9.893236995  11  11  0  L
 0.005821910  9  9  0  J
 0.019604738  9  9  1  J
 1.049157020  9  9  3  J
 1.049158662  9  9  2  J
 1.049159345  9  9  4  J
 1.049159819  9  9  5  J
 1.061769058  9  9  6  J
 1.061774722  9  9  0  J
 1.090686883  9  9  1  J
 1.190932787  9  9  3  J
 1.190933371  9  9  2  J
 1.190934230  9  9  4  J
 1.190934825  9  9  5  J
 1.231331218  9  9  6  J
 1.231333334  9  9  0  J
 1.260207117  9  9  1  J
 1.764357859  9  9  3  J
 1.764361011  9  9  2  J
 1.764361573  9  9  4  J
 1.764362036  9  9  5  J
 1.780780460  9  9  6  J
 1.780785420  9  9  0  J
 1.794082083  9  9  1  J
 2.505013721  9  9  3  J
 2.505014569  9  9  2  J
 2.505015319  9  9  4  J
 2.505015826  9  9  5  J
 2.547163093  9  9  6  J
 2.547166619  9  9  0  J
 2.582721817  9  9  1  J
 2.683198041  9  9  3  J
 2.683199485  9  9  2  J
 2.683200113  9  9  4  J
 2.683200543  9  9  5  J
 2.729029055  9  9  6  J
 2.729034929  9  9  0  J
 2.758426450  9  9  1  J
 2.858645092  9  9  3  J
 2.858646238  9  9  2  J
 2.858647219  9  9  4  J
 2.858647902  9  9  5  J
 2.881934420  9  9  6  J
 2.881937947  9  9  0  J
 2.927539142  9  9  1  J
 3.229053913  9  9  3  J
 3.229055246  9  9  2  J
 3.229055951  9  9  4  J
 3.229056315  9  9  5  J
 3.258295378  9  9  6  J
 3.258298805  9  9  0  J
 3.298595513  9  9  1  J
 3.503068999  9  9  3  J
 3.503070861  9  9  2  J
 3.503071545  9  9  4  J
 3.503072007  9  9  5  J
 3.519755402  9  9  6  J
 3.519757243  9  9  0  J
 3.540924640  9  9  1  J
 3.540926657  9  9  3  J
 3.540926767  9  9  2  J
 3.540927307  9  9  4  J
 3.540927671  9  9  5  J
 3.572265145  9  9  6  J
 3.572267217  9  9  0  J
 3.602300173  9  9  1  J
 3.805326510  9  9  3  J
 3.805327149  9  9  2  J
 3.805327822  9  9  4  J
 3.805328285  9  9  5  J
 3.842768016  9  9  6  J
 3.842770044  9  9  0  J
 3.891796781  9  9  1  J
 3.891799250  9  9  3  J
 3.891799393  9  9  2  J
 3.891800077  9  9  4  J
 3.891800539  9  9  5  J
 3.922970505  9  9  6  J
 3.922972423  9  9  0  J
 3.968389172  9  9  1  J
 4.491866075  9  9  3  J
 4.491867882  9  9  2  J
 4.491868566  9  9  4  J
 4.491869029  9  9  5  J
 4.525242613  9  9  6  J
 4.525248906  9  9  0  J
 4.562408836  9  9  1  J
 4.663534195  9  9  3  J
 4.663536499  9  9  2  J
 4.663537270  9  9  4  J
 4.663537733  9  9  5  J
 4.682175618  9  9  6  J
 4.682179079  9  9  0  J
 4.719120986  9  9  1  J
 4.719123113  9  9  3  J
 4.719123322  9  9  2  J
 4.719124005  9  9  4  J
 4.719124479  9  9  5  J
 4.753503907  9  9  6  J
 4.753508602  9  9  0  J
 4.793172075  9  9  1  J
 5.505152627  9  9  3  J
 5.505154302  9  9  2  J
 5.505154985  9  9  4  J
 5.505155459  9  9  5  J
 5.527269935  9  9  6  J
 5.527272007  9  9  0  J
 5.561775013  9  9  1  J
 8.895555010  9  9  3  J
 8.895556828  9  9  2  J
 8.895557743  9  9  4  J
 8.895558371  9  9  5  J
 8.942467355  9  9  6  J
 8.942474078  9  9  0  J
 8.978366955  9  9  1  J
 9.491326130  9  9  3  J
 9.491327055  9  9  2  J
 9.491327827  9  9  4  J
 9.491328334  9  9  5  J
 9.531893998  9  9  6  J
 9.531895982  9  9  0  J
 9.550278710  9  9  1  J
 9.954037429  9  9  3  J
 9.954041187  9  9  2  J
 9.954041981  9  9  4  J
 9.954042454  9  9  5  J
 9.967209918  9  9  6  J
 9.967213743  9  9  0  J
 9.980989335  9  9  1  J
 10.081623346  9  9  3  J
 10.081624757  9  9  2  J
 10.081625551  9  9  4  J
 10.081626025  9  9  5  J
 10.129661136  9  9  6  J
 10.129665071  9  9  0  J
 10.178884808  9  9  1  J
 10.178887564  9  9  3  J
 10.178887795  9  9  2  J
 10.178888489  9  9  4  J
 10.178888963  9  9  5  J
 10.223921212  9  9  6  J
 10.223928211  9  9  0  J
 10.269618910  9  9  1  J
 10.269622503  9  9  3  J
 10.269622734  9  9  2  J
 10.269623572  9  9  4  J
 10.269624046  9  9  5  J
 10.295203857  9  9  6  J
 10.295206017  9  9  0  J
 0.005428714  5  5  0  F
 0.022500701  5  5  1  F
 1.663870390  5  5  3  F
 1.663872087  5  5  2  F
 1.663872770  5  5  4  F
 1.663873068  5  5  5  F
 1.701979578  5  5  6  F
 1.701985110  5  5  0  F
 1.752563102  5  5  1  F
 1.954083034  5  5  3  F
 1.954085029  5  5  2  F
 1.954085767  5  5  4  F
 1.954086098  5  5  5  F
 1.992863526  5  5  6  F
 1.992868397  5  5  0  F
 2.006832320  5  5  1  F
 2.208005329  5  5  3  F
 2.208006200  5  5  2  F
 2.208007016  5  5  4  F
 2.208007390  5  5  5  F
 2.242943698  5  5  6  F
 2.242948052  5  5  0  F
 2.272649802  5  5  1  F
 2.377875825  5  5  3  F
 2.377877346  5  5  2  F
 2.377877875  5  5  4  F
 2.377878106  5  5  5  F
 2.399266726  5  5  6  F
 2.399270319  5  5  0  F
 2.434725728  5  5  1  F
 4.254877956  5  5  3  F
 4.254879444  5  5  2  F
 4.254880248  5  5  4  F
 4.254880557  5  5  5  F
 4.304091103  5  5  6  F
 4.304093318  5  5  0  F
 4.331955338  5  5  1  F
 5.644265713  5  5  3  F
 5.644266947  5  5  2  F
 5.644267642  5  5  4  F
 5.644267950  5  5  5  F
 5.666417131  5  5  6  F
 5.666419643  5  5  0  F
 5.689072989  5  5  1  F
 5.894016553  5  5  3  F
 5.894019859  5  5  2  F
 5.894020763  5  5  4  F
 5.894021149  5  5  5  F
 5.923141836  5  5  6  F
 5.923144547  5  5  0  F
 5.970022198  5  5  1  F
 5.970025614  5  5  3  F
 5.970025967  5  5  2  F
 5.970027686  5  5  4  F
 5.970028469  5  5  5  F
 5.995910255  5  5  6  F
 5.995913452  5  5  0  F
 6.021117876  5  5  1  F
 6.021120940  5  5  3  F
 6.021121282  5  5  2  F
 6.021122957  5  5  4  F
 6.021123739  5  5  5  F
 6.040946858  5  5  6  F
 6.040950186  5  5  0  F
 6.085970742  5  5  1  F
 6.286764129  5  5  3  F
 6.286765220  5  5  2  F
 6.286765760  5  5  4  F
 6.286766003  5  5  5  F
 6.299025750  5  5  6  F
 6.299029299  5  5  0  F
 6.326395054  5  5  1  F
 6.427378795  5  5  3  F
 6.427380139  5  5  2  F
 6.427380889  5  5  4  F
 6.427381231  5  5  5  F
 6.450591480  5  5  6  F
 6.450597310  5  5  0  F
 6.462951776  5  5  1  F
 6.768244669  5  5  3  F
 6.768246222  5  5  2  F
 6.768247071  5  5  4  F
 6.768247380  5  5  5  F
 6.802989156  5  5  6  F
 6.802992947  5  5  0  F
 6.844537236  5  5  1  F
 6.944815321  5  5  3  F
 6.944817569  5  5  2  F
 6.944818374  5  5  4  F
 6.944818716  5  5  5  F
 6.958656375  5  5  6  F
 6.958661301  5  5  0  F
 6.979951625  5  5  1  F
 8.145650392  5  5  3  F
 8.145652211  5  5  2  F
 8.145652850  5  5  4  F
 8.145653136  5  5  5  F
 8.157916728  5  5  6  F
 8.157920508  5  5  0  F
 8.190386981  5  5  1  F
 8.410993396  5  5  3  F
 8.410997805  5  5  2  F
 8.410999050  5  5  4  F
 8.410999601  5  5  5  F
 8.441822042  5  5  6  F
 8.441826671  5  5  0  F
 8.492966191  5  5  1  F
 8.492967613  5  5  3  F
 8.492967844  5  5  2  F
 8.492968528  5  5  4  F
 8.492968836  5  5  5  F
 8.520193942  5  5  6  F
 8.520202670  5  5  0  F
 8.549683865  5  5  1  F
 8.549686973  5  5  3  F
 8.549687612  5  5  2  F
 8.549689298  5  5  4  F
 8.549690070  5  5  5  F
 8.584150512  5  5  6  F
 8.584154557  5  5  0  F
 8.614695543  5  5  1  F
 9.632072776  5  5  3  F
 9.632073724  5  5  2  F
 9.632074407  5  5  4  F
 9.632074716  5  5  5  F
 9.652300783  5  5  6  F
 9.652303527  5  5  0  F
 9.682910650  5  5  1  F
 9.783962967  5  5  3  F
 9.783964598  5  5  2  F
 9.783965314  5  5  4  F
 9.783965623  5  5  5  F
 9.812829299  5  5  6  F
 9.812837907  5  5  0  F
 9.833919327  5  5  1  F
 9.833922071  5  5  3  F
 9.833922369  5  5  2  F
 9.833923107  5  5  4  F
 9.833923427  5  5  5  F
 9.849089089  5  5  6  F
 9.849092627  5  5  0  F
 9.874515529  5  5  1  F
 9.975334476  5  5  3  F
 9.975336570  5  5  2  F
 9.975337286  5  5  4  F
 9.975337595  5  5  5  F
 10.009762080  5  5  6  F
 10.009771779  5  5  0  F
 10.050460941  5  5  1  F
 10.050463773  5  5  3  F
 10.050464005  5  5  2  F
 10.050464688  5  5  4  F
 10.050465008  5  5  5  F
 10.075989185  5  5  6  F
 10.075992558  5  5  0  F
 10.097205018  5  5  1  F
 10.498541660  5  5  3  F
 10.498543809  5  5  2  F
 10.498544547  5  5  4  F
 10.498544889  5  5  5  F
 10.518649021  5  5  6  F
 10.518653000  5  5  0  F
 0.006115752  12  12  0  M
 0.054038096  12  12  1  M
 0.154471857  12  12  3  M
 0.154472441  12  12  2  M
 0.154473135  12  12  4  M
 0.154473719  12  12  5  M
 0.191927900  12  12  6  M
 0.191929134  12  12  0  M
 0.227194298  12  12  1  M
 1.870392118  12  12  3  M
 1.870395524  12  12  2  M
 1.870396648  12  12  4  M
 1.870397221  12  12  5  M
 1.906258032  12  12  6  M
 1.906263697  12  12  0  M
 1.917966496  12  12  1  M
 2.733428704  12  12  3  M
 2.733430511  12  12  2  M
 2.733431536  12  12  4  M
 2.733432252  12  12  5  M
 2.778928813  12  12  6  M
 2.778933145  12  12  0  M
 2.823548613  12  12  1  M
 2.925754594  12  12  3  M
 2.925756016  12  12  2  M
 2.925756688  12  12  4  M
 2.925757272  12  12  5  M
 2.970990732  12  12  6  M
 2.970993829  12  12  0  M
 2.988144143  12  12  1  M
 2.988165722  12  12  3  M
 2.988165887  12  12  2  M
 2.988166648  12  12  4  M
 2.988167309  12  12  5  M
 3.039290717  12  12  6  M
 3.039292976  12  12  0  M
 3.052277100  12  12  1  M
 3.156790149  12  12  3  M
 3.156791923  12  12  2  M
 3.156792595  12  12  4  M
 3.156793180  12  12  5  M
 3.174027760  12  12  6  M
 3.174031188  12  12  0  M
 3.213345141  12  12  1  M
 4.931112314  12  12  3  M
 4.931112975  12  12  2  M
 4.931113658  12  12  4  M
 4.931114242  12  12  5  M
 4.954582968  12  12  6  M
 4.954585250  12  12  0  M
 5.001902948  12  12  1  M
 5.809954663  12  12  3  M
 5.809956250  12  12  2  M
 5.809956944  12  12  4  M
 5.809957528  12  12  5  M
 5.824499812  12  12  6  M
 5.824501410  12  12  0  M
 5.841853000  12  12  1  M
 6.044194057  12  12  3  M
 6.044194873  12  12  2  M
 6.044195556  12  12  4  M
 6.044196151  12  12  5  M
 6.094908939  12  12  6  M
 6.094915529  12  12  0  M
 6.138134657  12  12  1  M
 6.340416656  12  12  3  M
 6.340418188  12  12  2  M
 6.340418871  12  12  4  M
 6.340419466  12  12  5  M
 6.365304626  12  12  6  M
 6.365306555  12  12  0  M
 6.398319840  12  12  1  M
 6.700557486  12  12  3  M
 6.700558313  12  12  2  M
 6.700559140  12  12  4  M
 6.700559845  12  12  5  M
 6.714058513  12  12  6  M
 6.714062447  12  12  0  M
 6.752853122  12  12  1  M
 9.382986518  12  12  3  M
 9.382988744  12  12  2  M
 9.382994310  12  12  4  M
 9.382995610  12  12  5  M
 9.395029463  12  12  6  M
 9.395033210  12  12  0  M
 9.440749159  12  12  1  M
 9.440751507  12  12  3  M
 9.440751815  12  12  2  M
 9.440752444  12  12  4  M
 9.440752973  12  12  5  M
 9.486061265  12  12  6  M
 9.486062500  12  12  0  M
 9.501660779  12  12  1  M
 9.703601967  12  12  3  M
 9.703605483  12  12  2  M
 9.703606276  12  12  4  M
 9.703607081  12  12  5  M
 9.749155251  12  12  6  M
 9.749156474  12  12  0  M
 9.799622644  12  12  1  M
 10.602986440  12  12  3  M
 10.602989658  12  12  2  M
 10.602990440  12  12  4  M
 10.602991035  12  12  5  M
 10.619372326  12  12  6  M
 10.619379765  12  12  0  M
 10.649186035  12  12  1  M
 10.649190366  12  12  3  M
 10.649190609  12  12  2  M
 10.649191314  12  12  4  M
 10.649191898  12  12  5  M
 10.669966261  12  12  6  M
 10.669970063  12  12  0  M
 10.699951150  12  12  1  M
 10.699953596  12  12  3  M
 10.699953828  12  12  2  M
 10.699954511  12  12  4  M
 10.699955106  12  12  5  M
 10.743849734  12  12  6  M
 10.743857504  12  12  0  M
 10.793276708  12  12  1  M
 10.793280334  12  12  3  M
 10.793280708  12  12  2  M
 10.793285238  12  12  4  M
 10.793286263  12  12  5  M
 10.815848048  12  12  6  M
 10.815854175  12  12  0  M
 10.844023861  12  12  1  M
 10.954196018  12  12  3  M
 10.954197705  12  12  2  M
 10.954198245  12  12  4  M
 10.954198708  12  12  5  M
 10.997075886  12  12  6  M
 10.997079501  12  12  0  M
 11.010350330  12  12  1  M
 11.010354011  12  12  3  M
 11.010354485  12  12  2  M
 11.010355466  12  12  4  M
 11.010356216  12  12  5  M
 11.057567853  12  12  6  M
 11.057571424  12  12  0  M
 0.005132943  2  2  0  C
 0.019604225  2  2  1  C
 0.221151993  2  2  3  C
 0.221153415  2  2  2  C
 0.221154187  2  2  4  C
 0.221154407  2  2  5  C
 0.250662460  2  2  6  C
 0.250665755  2  2  0  C
 0.262692723  2  2  1  C
 0.877254954  2  2  3  C
 0.877255483  2  2  2  C
 0.877256244  2  2  4  C
 0.877256431  2  2  5  C
 0.894804890  2  2  6  C
 0.894806830  2  2  0  C
 0.944069295  2  2  1  C
 0.944073076  2  2  3  C
 0.944073219  2  2  2  C
 0.944073957  2  2  4  C
 0.944074156  2  2  5  C
 0.963814440  2  2  6  C
 0.963817273  2  2  0  C
 1.008635604  2  2  1  C
 1.511759178  2  2  3  C
 1.511760798  2  2  2  C
 1.511761327  2  2  4  C
 1.511761482  2  2  5  C
 1.546289646  2  2  6  C
 1.546294903  2  2  0  C
 1.561540917  2  2  1  C
 1.561575776  2  2  3  C
 1.561576184  2  2  2  C
 1.561577242  2  2  4  C
 1.561577529  2  2  5  C
 1.605921167  2  2  6  C
 1.605924484  2  2  0  C
 1.628523339  2  2  1  C
 1.628526811  2  2  3  C
 1.628526998  2  2  2  C
 1.628527902  2  2  4  C
 1.628528155  2  2  5  C
 1.662116947  2  2  6  C
 1.662121752  2  2  0  C
 1.711363939  2  2  1  C
 1.912496432  2  2  3  C
 1.912498735  2  2  2  C
 1.912499419  2  2  4  C
 1.912499617  2  2  5  C
 1.933930431  2  2  6  C
 1.933933638  2  2  0  C
 1.971175686  2  2  1  C
 2.181939590  2  2  3  C
 2.181940725  2  2  2  C
 2.181941398  2  2  4  C
 2.181941585  2  2  5  C
 2.207734433  2  2  6  C
 2.207738852  2  2  0  C
 2.249709166  2  2  1  C
 2.249712164  2  2  3  C
 2.249712307  2  2  2  C
 2.249712980  2  2  4  C
 2.249713167  2  2  5  C
 2.280898356  2  2  6  C
 2.280904837  2  2  0  C
 2.321346633  2  2  1  C
 2.836144959  2  2  3  C
 2.836147141  2  2  2  C
 2.836147681  2  2  4  C
 2.836147835  2  2  5  C
 2.858139415  2  2  6  C
 2.858141807  2  2  0  C
 2.884693605  2  2  1  C
 2.884696272  2  2  3  C
 2.884696437  2  2  2  C
 2.884697242  2  2  4  C
 2.884697473  2  2  5  C
 2.905030804  2  2  6  C
 2.905034397  2  2  0  C
 2.948571152  2  2  1  C
 3.050428154  2  2  3  C
 3.050430270  2  2  2  C
 3.050430953  2  2  4  C
 3.050431152  2  2  5  C
 3.085631590  2  2  6  C
 3.085636186  2  2  0  C
 3.112772318  2  2  1  C
 3.924925373  2  2  3  C
 3.924926960  2  2  2  C
 3.924927622  2  2  4  C
 3.924927820  2  2  5  C
 3.953811251  2  2  6  C
 3.953814932  2  2  0  C
 3.971016769  2  2  1  C
 9.402603960  2  2  3  C
 9.402658173  2  2  2  C
 9.402659164  2  2  4  C
 9.402659363  2  2  5  C
 9.427166474  2  2  6  C
 9.427168854  2  2  0  C
 9.482380859  2  2  1  C
 10.295229004  2  2  3  C
 10.295230436  2  2  2  C
 10.295231131  2  2  4  C
 10.295231318  2  2  5  C
 10.340105920  2  2  6  C
 10.340110252  2  2  0  C
 10.377419441  2  2  1  C
 10.377424368  2  2  3  C
 10.377424709  2  2  2  C
 10.377425415  2  2  4  C
 10.377425613  2  2  5  C
 10.418870268  2  2  6  C
 10.418874169  2  2  0  C
 10.431952593  2  2  1  C
 10.431957013  2  2  3  C
 10.431957354  2  2  2  C
 10.431958082  2  2  4  C
 10.431958280  2  2  5  C
 10.458561987  2  2  6  C
 10.458566285  2  2  0  C
 10.499697593  2  2  1  C
 11.127806179  2  2  3  C
 11.127808560  2  2  4  C
 11.127808747  2  2  5  C
 11.179743755  2  2  6  C
 11.179747645  2  2  0  C
 11.193083167  2  2  1  C
 11.193087201  2  2  3  C
 11.193087609  2  2  2  C
 11.193088469  2  2  4  C
 11.193088656  2  2  5  C
 11.222406795  2  2  6  C
 11.222413407  2  2  0  C
 0.005624270  7  7  0  H
 0.043724017  7  7  1  H
 3.624998071  7  7  3  H
 3.624998765  7  7  2  H
 3.624999790  7  7  4  H
 3.625000385  7  7  5  H
 3.648800634  7  7  6  H
 3.648802794  7  7  0  H
 3.688126115  7  7  1  H
 3.688127812  7  7  3  H
 3.688127956  7  7  2  H
 3.688128727  7  7  4  H
 3.688129124  7  7  5  H
 3.728429039  7  7  6  H
 3.728433315  7  7  0  H
 3.755944934  7  7  1  H
 3.957297994  7  7  3  H
 3.957298644  7  7  2  H
 3.957299559  7  7  4  H
 3.957300088  7  7  5  H
 3.975627556  7  7  6  H
 3.975631083  7  7  0  H
 4.026000709  7  7  1  H
 5.452082357  7  7  3  H
 5.452083481  7  7  2  H
 5.452084252  7  7  4  H
 5.452084682  7  7  5  H
 5.487788143  7  7  6  H
 5.487790479  7  7  0  H
 5.536515848  7  7  1  H
 5.536534914  7  7  3  H
 5.536535057  7  7  2  H
 5.536535741  7  7  4  H
 5.536536126  7  7  5  H
 5.585311783  7  7  6  H
 5.585319784  7  7  0  H
 5.602712625  7  7  1  H
 7.062389587  7  7  3  H
 7.062391273  7  7  2  H
 7.062392287  7  7  4  H
 7.062392761  7  7  5  H
 7.099048314  7  7  6  H
 7.099055919  7  7  0  H
 7.146411093  7  7  1  H
 7.146414355  7  7  3  H
 7.146414565  7  7  2  H
 7.146415766  7  7  4  H
 7.146416383  7  7  5  H
 7.185739531  7  7  6  H
 7.185742551  7  7  0  H
 7.239670034  7  7  1  H
 7.448283562  7  7  3  H
 7.448285281  7  7  2  H
 7.448286141  7  7  4  H
 7.448286692  7  7  5  H
 7.490574982  7  7  6  H
 7.490581948  7  7  0  H
 7.531862383  7  7  1  H
 7.531864841  7  7  3  H
 7.531865337  7  7  2  H
 7.531865987  7  7  4  H
 7.531866351  7  7  5  H
 7.580719154  7  7  6  H
 7.580722019  7  7  0  H
 7.597311342  7  7  1  H
 7.597314560  7  7  3  H
 7.597314759  7  7  2  H
 7.597315718  7  7  4  H
 7.597316258  7  7  5  H
 7.638849174  7  7  6  H
 7.638854475  7  7  0  H
 7.681123467  7  7  1  H
 8.300156492  7  7  3  H
 8.300157362  7  7  2  H
 8.300158200  7  7  4  H
 8.300158674  7  7  5  H
 8.342162394  7  7  6  H
 8.342169546  7  7  0  H
 8.370188770  7  7  1  H
 8.370191470  7  7  3  H
 8.370191735  7  7  2  H
 8.370192506  7  7  4  H
 8.370192958  7  7  5  H
 8.393472111  7  7  6  H
 8.393475517  7  7  0  H
 8.442179604  7  7  1  H
 8.442181202  7  7  3  H
 8.442181433  7  7  2  H
 8.442182139  7  7  4  H
 8.442182535  7  7  5  H
 8.462664677  7  7  6  H
 8.462668446  7  7  0  H
 8.482012385  7  7  1  H
 8.998901945  7  7  3  H
 8.998902782  7  7  2  H
 8.998903476  7  7  4  H
 8.998903862  7  7  5  H
 9.030793606  7  7  6  H
 9.030799502  7  7  0  H
 9.044569969  7  7  1  H
 9.044574873  7  7  3  H
 9.044575380  7  7  2  H
 9.044576813  7  7  4  H
 9.044577353  7  7  5  H
 9.086148420  7  7  6  H
 9.086154537  7  7  0  H
 9.115080140  7  7  1  H
 9.750952038  7  7  3  H
 9.750953151  7  7  2  H
 9.750953922  7  7  4  H
 9.750954308  7  7  5  H
 9.783950842  7  7  6  H
 9.783958369  7  7  0  H
 9.798699710  7  7  1  H
 9.899238975  7  7  3  H
 9.899240595  7  7  2  H
 9.899241224  7  7  4  H
 9.899241587  7  7  5  H
 9.923882793  7  7  6  H
 9.923885604  7  7  0  H
 9.962670880  7  7  1  H
 10.822068936  7  7  3  H
 10.822071008  7  7  2  H
 10.822071934  7  7  4  H
 10.822072474  7  7  5  H
 10.859383016  7  7  6  H
 10.859389165  7  7  0  H
 10.911850513  7  7  1  H
 10.911854889  7  7  3  H
 10.911855120  7  7  2  H
 10.911855848  7  7  4  H
 10.911856233  7  7  5  H
 10.953073945  7  7  6  H
 10.953077130  7  7  0  H
 10.988842586  7  7  1  H
 11.089521450  7  7  3  H
 11.089522695  7  7  2  H
 11.089523279  7  7  4  H
 11.089523621  7  7  5  H
 11.103457530  7  7  6  H
 11.103460815  7  7  0  H
 11.137232191  7  7  1  H
 11.239742431  7  7  3  H
 11.239744205  7  7  4  H
 11.239744513  7  7  5  H
 11.289876284  7  7  6  H
 11.289883800  7  7  0  H
 11.311557413  7  7  1  H
 11.311561689  7  7  3  H
 11.311563375  7  7  4  H
 11.311564345  7  7  5  H
 11.359478049  7  7  6  H
 11.359481642  7  7  0  H
-1  15  15  7 LOCAL_SECTION;ENTRY_PROTOCOL_1;ENTRY_PROTOCOL_2;ENTRY_PROTOCOL_3;ENTRY_PROTOCOL_4;CRITICAL_SECTION;EXIT_PROTOCOL;EXTRA_LABEL;
