-1  26  15  15
 0.060334512  5  9  11  F
 0.199364883  5  9  11  f
 0.063710105  22  14  9  W
 0.182735088  22  14  9  w
 0.061927978  13  10  12  N
 0.079930768  13  10  11  N
 0.196702665  13  10  11  n
 0.063118939  19  13  8  T
 0.077022323  19  14  8  T
 0.209687685  19  14  8  t
 0.059935915  3  13  7  D
 0.075452913  3  14  7  D
 0.091438797  3  13  7  D
 0.113594639  3  14  7  D
 0.150833724  3  0  7  D
 0.189818502  3  14  7  D
 0.328939881  3  14  7  d
 0.061127669  9  9  7  J
 0.078711290  9  9  8  J
 0.108362252  9  9  9  J
 0.129449572  9  10  9  J
 0.151489301  9  9  9  J
 0.195145390  9  9  10  J
 0.211376882  9  8  10  J
 0.243825197  9  8  11  J
 0.374394751  9  8  11  j
 0.060970425  8  2  8  I
 0.110982751  8  2  9  I
 0.160945663  8  3  9  I
 0.179032065  8  2  9  I
 0.201475113  8  2  10  I
 0.251482825  8  2  9  I
 0.265793314  8  1  9  I
 0.302476674  8  0  9  I
 0.445451385  8  0  9  i
 0.062528803  16  12  14  Q
 0.102297634  16  11  14  Q
 0.119258837  16  11  13  Q
 0.165202752  16  11  14  Q
 0.194588467  16  12  14  Q
 0.228754098  16  12  0  Q
 0.272583277  16  11  0  Q
 0.311442091  16  10  0  Q
 0.338078192  16  10  1  Q
 0.467421684  16  10  1  q
 0.062927953  18  9  5  S
 0.089888281  18  8  5  S
 0.117924236  18  8  4  S
 0.168187439  18  9  4  S
 0.189296001  18  9  3  S
 0.217115340  18  9  4  S
 0.249389852  18  9  5  S
 0.278117609  18  9  4  S
 0.302269430  18  9  3  S
 0.320706138  18  10  3  S
 0.345040854  18  10  2  S
 0.465806280  18  10  2  s
 0.059338041  0  4  13  A
 0.085247508  0  4  12  A
 0.097454094  0  4  11  A
 0.148526469  0  5  11  A
 0.197387282  0  5  10  A
 0.240874775  0  5  9  A
 0.271442641  0  4  9  A
 0.298684912  0  5  9  A
 0.347275372  0  6  9  A
 0.388805957  0  7  9  A
 0.509569930  0  7  9  a
 0.064301941  25  1  9  Z
 0.097962355  25  1  10  Z
 0.147392713  25  0  10  Z
 0.178995266  25  14  10  Z
 0.191975334  25  0  10  Z
 0.235504811  25  14  10  Z
 0.274042669  25  14  11  Z
 0.297029888  25  14  10  Z
 0.312033285  25  14  11  Z
 0.338041226  25  14  10  Z
 0.361022513  25  13  10  Z
 0.375450789  25  13  9  Z
 0.516656303  25  13  9  z
 0.063511166  21  6  2  V
 0.076891315  21  5  2  V
 0.125991711  21  5  3  V
 0.160746425  21  5  4  V
 0.177574924  21  5  5  V
 0.215742699  21  6  5  V
 0.238656610  21  6  6  V
 0.251082499  21  6  7  V
 0.288866803  21  5  7  V
 0.333925113  21  6  7  V
 0.361654541  21  6  8  V
 0.389234595  21  6  9  V
 0.538055628  21  6  9  v
 0.062130651  14  14  6  O
 0.093583371  14  13  6  O
 0.130170512  14  12  6  O
 0.157477955  14  12  7  O
 0.194799734  14  13  7  O
 0.215273803  14  12  7  O
 0.252096584  14  12  8  O
 0.284947258  14  11  8  O
 0.328288176  14  10  8  O
 0.367850403  14  11  8  O
 0.389206839  14  11  9  O
 0.423039191  14  12  9  O
 0.547985809  14  12  9  o
 0.062723587  17  7  7  R
 0.094877452  17  6  7  R
 0.130044621  17  5  7  R
 0.150218859  17  5  8  R
 0.187062247  17  5  9  R
 0.230561107  17  4  9  R
 0.271311551  17  4  10  R
 0.301998573  17  4  11  R
 0.346915994  17  5  11  R
 0.362252968  17  5  10  R
 0.379206015  17  5  11  R
 0.408084750  17  5  12  R
 0.446758178  17  6  12  R
 0.493254388  17  5  12  R
 0.504567699  17  5  11  R
 0.523772586  17  5  12  R
 0.563054969  17  5  11  R
 0.582637559  17  5  12  R
 0.621248258  17  6  12  R
 0.060142213  4  2  5  E
 0.088343600  4  1  5  E
 0.127919128  4  1  6  E
 0.160218916  4  0  6  E
 0.204190250  4  1  6  E
 0.243202909  4  1  7  E
 0.287019215  4  1  8  E
 0.313231832  4  1  7  E
 0.345119995  4  0  7  E
 0.368516026  4  1  7  E
 0.400101200  4  0  7  E
 0.416085463  4  0  8  E
 0.437989326  4  0  7  E
 0.485860351  4  0  8  E
 0.622480775  4  0  8  e
 0.061732075  12  9  12  M
 0.086464315  12  9  13  M
 0.106021387  12  9  12  M
 0.150630581  12  8  12  M
 0.197806037  12  9  12  M
 0.222350327  12  8  12  M
 0.240806341  12  8  13  M
 0.260938999  12  8  14  M
 0.310008126  12  8  0  M
 0.332059546  12  9  0  M
 0.366915036  12  9  14  M
 0.406428056  12  9  0  M
 0.423104698  12  8  0  M
 0.452376936  12  8  1  M
 0.500515773  12  8  2  M
 0.516277751  12  9  2  M
 0.542941375  12  9  1  M
 0.667981331  12  9  1  m
 0.062322852  15  7  12  P
 0.099417178  15  6  12  P
 0.135798120  15  6  11  P
 0.197512727  15  5  11  P
 0.238123280  15  6  11  P
 0.288529416  15  6  10  P
 0.305607110  15  5  10  P
 0.338432867  15  4  10  P
 0.375585749  15  3  10  P
 0.389272373  15  3  9  P
 0.408190638  15  3  8  P
 0.445696266  15  2  8  P
 0.487021049  15  1  8  P
 0.502213277  15  2  8  P
 0.538099875  15  2  9  P
 0.581835351  15  3  9  P
 0.701172290  15  3  9  p
 0.063913513  23  4  6  X
 0.095995417  23  5  6  X
 0.118401376  23  4  6  X
 0.155351088  23  3  6  X
 0.177708783  23  4  6  X
 0.212155067  23  5  6  X
 0.239018059  23  5  7  X
 0.288715871  23  4  7  X
 0.311537088  23  3  7  X
 0.343194433  23  2  7  X
 0.378644450  23  3  7  X
 0.389984546  23  3  6  X
 0.407174826  23  3  7  X
 0.441052453  23  3  6  X
 0.487909365  23  4  6  X
 0.499136297  23  4  7  X
 0.527625619  23  3  7  X
 0.577446795  23  3  8  X
 0.727949621  23  3  8  x
 0.060563276  6  12  6  G
 0.100690076  6  11  6  G
 0.134167628  6  11  7  G
 0.155596293  6  11  6  G
 0.206023935  6  11  5  G
 0.241403623  6  11  4  G
 0.255413250  6  11  5  G
 0.300282914  6  12  5  G
 0.313468705  6  13  5  G
 0.354515646  6  13  4  G
 0.397310181  6  14  4  G
 0.417448210  6  13  4  G
 0.457085527  6  14  4  G
 0.489010869  6  14  3  G
 0.525228500  6  13  3  G
 0.571962310  6  13  4  G
 0.607188037  6  13  3  G
 0.653457555  6  13  4  G
 0.669870069  6  13  5  G
 0.712861312  6  13  6  G
 0.723405321  6  14  6  G
 0.845639262  6  14  6  g
 0.061525842  11  7  4  L
 0.078474744  11  6  4  L
 0.100029856  11  7  4  L
 0.136791850  11  6  4  L
 0.149303384  11  6  3  L
 0.192110105  11  6  4  L
 0.222257214  11  5  4  L
 0.238237150  11  5  5  L
 0.269354095  11  5  6  L
 0.313686782  11  6  6  L
 0.360454615  11  5  6  L
 0.403928426  11  5  5  L
 0.442953463  11  4  5  L
 0.480699133  11  3  5  L
 0.507591065  11  3  4  L
 0.539318213  11  3  5  L
 0.589063967  11  3  6  L
 0.611901690  11  3  7  L
 0.635941527  11  2  7  L
 0.652055676  11  2  8  L
 0.695926995  11  2  7  L
 0.714029788  11  2  6  L
 0.728129844  11  1  6  L
 0.749136578  11  0  6  L
 0.900332041  11  0  6  l
 0.061335454  10  1  11  K
 0.098209450  10  0  11  K
 0.109520906  10  0  12  K
 0.133284760  10  1  12  K
 0.169673020  10  2  12  K
 0.200217100  10  2  11  K
 0.224118567  10  2  12  K
 0.251934819  10  1  12  K
 0.275614778  10  1  13  K
 0.305600374  10  0  13  K
 0.355145814  10  14  13  K
 0.391166694  10  14  14  K
 0.406076488  10  14  13  K
 0.426954681  10  0  13  K
 0.461793518  10  14  13  K
 0.478068117  10  14  12  K
 0.491804876  10  14  13  K
 0.536657584  10  0  13  K
 0.555587213  10  0  14  K
 0.592501776  10  14  14  K
 0.636916741  10  14  0  K
 0.672558897  10  0  0  K
 0.700596593  10  0  14  K
 0.728228707  10  1  14  K
 0.769539899  10  0  14  K
 0.917612001  10  0  14  k
 0.064104118  24  13  12  Y
 0.094063257  24  12  12  Y
 0.110595235  24  12  13  Y
 0.134908306  24  12  14  Y
 0.174872127  24  12  0  Y
 0.216137065  24  11  0  Y
 0.237821269  24  11  14  Y
 0.258665942  24  11  0  Y
 0.272464052  24  11  14  Y
 0.321079216  24  12  14  Y
 0.366637422  24  12  13  Y
 0.396007651  24  12  14  Y
 0.418507104  24  12  0  Y
 0.445609122  24  13  0  Y
 0.481864417  24  12  0  Y
 0.517347354  24  12  14  Y
 0.539057161  24  11  14  Y
 0.588022657  24  12  14  Y
 0.626263280  24  12  0  Y
 0.653712745  24  13  0  Y
 0.687399202  24  13  14  Y
 0.707103166  24  14  14  Y
 0.756716028  24  14  0  Y
 0.790822928  24  14  14  Y
 0.920322774  24  14  14  y
 0.059747013  2  6  1  C
 0.112067640  2  6  0  C
 0.158560517  2  5  0  C
 0.196945392  2  5  1  C
 0.229601466  2  6  1  C
 0.259052707  2  7  1  C
 0.302989514  2  6  1  C
 0.320490604  2  6  2  C
 0.342527584  2  5  2  C
 0.379633180  2  6  2  C
 0.429450929  2  7  2  C
 0.476851708  2  7  3  C
 0.505684994  2  7  2  C
 0.525072375  2  7  3  C
 0.561758885  2  8  3  C
 0.597528065  2  9  3  C
 0.642091915  2  9  4  C
 0.668879620  2  8  4  C
 0.701039714  2  7  4  C
 0.725821916  2  7  3  C
 0.757267892  2  6  3  C
 0.771283195  2  5  3  C
 0.812129729  2  6  3  C
 0.846309784  2  7  3  C
 0.879095861  2  7  2  C
 0.892592422  2  7  1  C
 0.938223534  2  8  1  C
 0.960841854  2  8  0  C
 0.984742056  2  8  1  C
 1.106786611  2  8  1  c
 0.063322643  20  8  11  U
 0.081242521  20  7  11  U
 0.130402771  20  7  12  U
 0.164389094  20  6  12  U
 0.214960706  20  5  12  U
 0.257087202  20  6  12  U
 0.285703118  20  6  13  U
 0.300430116  20  5  13  U
 0.339889265  20  5  14  U
 0.353386661  20  4  14  U
 0.376029067  20  4  13  U
 0.414026134  20  5  13  U
 0.452601496  20  5  14  U
 0.491038570  20  4  14  U
 0.504420321  20  4  0  U
 0.551186856  20  4  14  U
 0.591311885  20  4  13  U
 0.635717132  20  4  14  U
 0.669290527  20  3  14  U
 0.705235011  20  3  13  U
 0.754850108  20  3  12  U
 0.799045354  20  2  12  U
 0.853816997  20  2  13  U
 0.881586917  20  3  13  U
 0.924510202  20  3  12  U
 0.970087495  20  3  11  U
 0.995933140  20  3  12  U
 1.035897569  20  2  12  U
 1.068651934  20  2  11  U
 1.106964007  20  2  10  U
 1.121606131  20  3  10  U
 1.146276493  20  2  10  U
 0.059541116  1  3  13  B
 0.087364032  1  3  14  B
 0.125610478  1  4  14  B
 0.137266098  1  5  14  B
 0.197072788  1  5  0  B
 0.229796772  1  5  1  B
 0.279569241  1  5  2  B
 0.318036069  1  4  2  B
 0.352077288  1  4  1  B
 0.396502569  1  4  2  B
 0.418855729  1  5  2  B
 0.433043438  1  5  3  B
 0.468795068  1  6  3  B
 0.488592075  1  5  3  B
 0.523880663  1  5  4  B
 0.558791337  1  5  5  B
 0.584328914  1  4  5  B
 0.598457670  1  4  4  B
 0.611364739  1  5  4  B
 0.658045372  1  4  4  B
 0.687891618  1  4  5  B
 0.726472709  1  4  4  B
 0.744993520  1  4  5  B
 0.781409082  1  3  5  B
 0.795775497  1  4  5  B
 0.845004542  1  4  6  B
 0.892950174  1  3  6  B
 0.912326604  1  4  6  B
 0.935873612  1  4  7  B
 0.953813161  1  3  7  B
 0.989538299  1  4  7  B
 1.022679724  1  5  7  B
 1.073049179  1  5  6  B
 1.122615067  1  6  6  B
 1.152834974  1  7  6  B
 1.201359495  1  7  7  B
 1.222008303  1  8  7  B
 1.275031016  1  7  7  B
 1.292438216  1  7  6  B
 1.320653424  1  7  5  B
 1.352614143  1  8  5  B
 1.392485854  1  8  4  B
 1.441864062  1  8  5  B
 1.476968985  1  7  5  B
 1.519309857  1  8  5  B
 1.564073023  1  9  5  B
 1.611034699  1  9  4  B
 1.662509550  1  9  5  B
 1.686171589  1  9  6  B
 1.734627501  1  10  6  B
 1.746080836  1  11  6  B
 1.791377503  1  11  7  B
 1.833985780  1  12  7  B
 1.883984039  1  12  6  B
 1.901222140  1  12  5  B
 1.951265147  1  12  4  B
 1.999823642  1  11  4  B
 2.011416688  1  11  5  B
 2.059831088  1  10  5  B
 2.076041818  1  10  6  B
 2.122449834  1  9  6  B
 2.139190108  1  9  5  B
 2.164672353  1  9  4  B
 2.194365844  1  8  4  B
 2.243860342  1  8  5  B
 2.296687038  1  8  6  B
 2.325273645  1  8  7  B
 2.377160226  1  7  7  B
 2.405241680  1  7  8  B
 2.429245881  1  7  7  B
 2.445535703  1  7  6  B
 2.492149366  1  6  6  B
 2.543162575  1  6  7  B
 2.583332818  1  7  7  B
 2.621662529  1  7  8  B
 2.757033572  1  7  8  b
 0.060766992  7  14  1  H
 0.099278440  7  14  2  H
 0.122511332  7  14  1  H
 0.145068072  7  0  1  H
 0.192541404  7  14  1  H
 0.206813538  7  14  0  H
 0.226641743  7  0  0  H
 0.268682160  7  0  1  H
 0.287908649  7  0  2  H
 0.332289852  7  0  3  H
 0.376633323  7  14  3  H
 0.389763561  7  13  3  H
 0.404701916  7  14  3  H
 0.439424045  7  14  2  H
 0.475520974  7  13  2  H
 0.523041724  7  14  2  H
 0.557943029  7  13  2  H
 0.602394291  7  14  2  H
 0.614861696  7  0  2  H
 0.662319688  7  14  2  H
 0.698961137  7  14  1  H
 0.740080945  7  0  1  H
 0.763780044  7  0  0  H
 0.801320100  7  1  0  H
 0.845822964  7  0  0  H
 0.892810361  7  0  1  H
 0.920538818  7  14  1  H
 0.960557342  7  14  2  H
 0.978054069  7  13  2  H
 0.995837747  7  14  2  H
 1.021401498  7  13  2  H
 1.071725978  7  13  3  H
 1.104133613  7  14  3  H
 1.115486514  7  13  3  H
 1.136439299  7  14  3  H
 1.177259197  7  0  3  H
 1.226988844  7  1  3  H
 1.247926615  7  1  4  H
 1.288928521  7  1  5  H
 1.325904258  7  0  5  H
 1.370322679  7  0  4  H
 1.413894918  7  0  3  H
 1.453751456  7  0  2  H
 1.507956144  7  14  2  H
 1.520728149  7  0  2  H
 1.544345866  7  1  2  H
 1.582168675  7  1  1  H
 1.597211805  7  1  2  H
 1.646405926  7  0  2  H
 1.692382455  7  0  3  H
 1.737686642  7  1  3  H
 1.762942418  7  1  4  H
 1.776737652  7  1  3  H
 1.803820634  7  1  2  H
 1.849467394  7  2  2  H
 1.885014207  7  2  1  H
 1.913195597  7  1  1  H
 1.960453516  7  1  2  H
 2.005966948  7  2  2  H
 2.051500166  7  2  3  H
 2.063840526  7  1  3  H
 2.086879886  7  1  2  H
 2.124142727  7  1  3  H
 2.150994206  7  1  4  H
 2.171955504  7  2  4  H
 2.212283289  7  2  5  H
 2.252768681  7  1  5  H
 2.290338585  7  0  5  H
 2.329738811  7  1  5  H
 2.362768679  7  1  4  H
 2.384097525  7  1  5  H
 2.418303854  7  1  4  H
 2.437449407  7  0  4  H
 2.459818064  7  0  3  H
 2.476864957  7  1  3  H
 2.497514449  7  1  4  H
 2.541823919  7  1  3  H
 2.564688742  7  2  3  H
 2.604476397  7  1  3  H
 2.634318302  7  1  4  H
 2.670849316  7  1  3  H
 2.702821692  7  0  3  H
 2.744343673  7  0  2  H
 2.762820966  7  14  2  H
 2.784362475  7  14  3  H
 2.833041480  7  13  3  H
 2.860950222  7  13  4  H
 2.873701855  7  13  3  H
 2.916132404  7  14  3  H
 2.927887464  7  14  4  H
