-1  15  15  15
 0.000000000  3  1  9  D
 0.019645666  3  2  9  D
 0.049316827  3  1  9  D
 0.085455501  3  2  9  D
 0.098531173  3  2  10  D
 0.131932960  3  2  11  D
 0.172545516  3  2  10  D
 0.189027568  3  2  9  D
 0.219511512  3  1  9  D
 0.264408375  3  1  8  D
 0.292611177  3  1  9  D
 0.311244535  3  2  9  D
 0.324595138  3  2  8  D
 0.373929697  3  1  8  D
 0.000000000  5  4  13  F
 0.021945947  5  4  12  F
 0.061417142  5  4  13  F
 0.106442315  5  3  13  F
 0.118183657  5  2  13  F
 0.139011561  5  3  13  F
 0.184126999  5  3  14  F
 0.226538152  5  4  14  F
 0.253893976  5  5  14  F
 0.286360240  5  6  14  F
 0.334881361  5  5  14  F
 0.373931296  5  6  14  F
 0.393654883  5  7  14  F
 0.417051394  5  6  14  F
 0.441480969  5  6  0  F
 0.464855700  5  6  1  F
 0.510351135  5  6  0  F
 0.556406990  5  5  0  F
 0.584114288  5  6  0  F
 0.632675193  5  6  14  F
 0.643144242  5  6  13  F
 0.678333021  5  5  13  F
 0.000000000  8  13  14  I
 0.031458206  8  14  14  I
 0.080890355  8  0  14  I
 0.121737736  8  0  13  I
 0.139060624  8  0  14  I
 0.166718406  8  1  14  I
 0.187786327  8  0  14  I
 0.204263179  8  0  13  I
 0.220752625  8  0  14  I
 0.233414510  8  1  14  I
 0.243852777  8  2  14  I
 0.272793991  8  3  14  I
 0.301760851  8  3  0  I
 0.340885026  8  2  0  I
 0.353213401  8  2  1  I
 0.376234197  8  1  1  I
 0.396020460  8  1  2  I
 0.415848983  8  0  2  I
 0.428627901  8  0  3  I
 0.456453953  8  1  3  I
 0.498676501  8  2  3  I
 0.515805143  8  2  2  I
 0.543752305  8  3  2  I
 0.562185510  8  3  1  I
 0.601466636  8  3  2  I
 0.626709778  8  4  2  I
 0.671213657  8  3  2  I
 0.694583094  8  3  1  I
 0.713409089  8  2  1  I
 0.723778300  8  3  1  I
 0.763874627  8  3  2  I
 0.777720922  8  2  2  I
 0.000000000  14  8  9  O
 0.014722179  14  8  10  O
 0.045662336  14  8  11  O
 0.061383821  14  7  11  O
 0.111367731  14  8  11  O
 0.155352239  14  8  12  O
 0.186608256  14  9  12  O
 0.214720609  14  10  12  O
 0.259708269  14  10  11  O
 0.271432440  14  11  11  O
 0.282827401  14  10  11  O
 0.294973126  14  9  11  O
 0.336068552  14  9  12  O
 0.353162280  14  10  12  O
 0.379843636  14  11  12  O
 0.404342044  14  10  12  O
 0.428629861  14  10  11  O
 0.461188079  14  10  10  O
 0.473174131  14  10  11  O
 0.497470626  14  10  12  O
 0.534449304  14  9  12  O
 0.574604560  14  10  12  O
 0.610456792  14  10  11  O
 0.630272924  14  9  11  O
 0.645595895  14  9  10  O
 0.681902261  14  10  10  O
 0.697011010  14  9  10  O
 0.747024141  14  9  11  O
 0.768400384  14  10  11  O
 0.798943726  14  10  10  O
 0.000000000  7  5  7  H
 0.018394921  7  5  8  H
 0.046865690  7  5  7  H
 0.088935526  7  5  6  H
 0.110078753  7  4  6  H
 0.127509139  7  4  7  H
 0.169159592  7  4  8  H
 0.197453549  7  4  9  H
 0.225273161  7  4  10  H
 0.245110810  7  5  10  H
 0.288774491  7  5  9  H
 0.304172065  7  6  9  H
 0.314742171  7  7  9  H
 0.327029968  7  8  9  H
 0.373932031  7  8  8  H
 0.409963540  7  8  9  H
 0.454053596  7  8  8  H
 0.468574539  7  8  7  H
 0.504489803  7  9  7  H
 0.548527646  7  10  7  H
 0.584115929  7  10  8  H
 0.608989261  7  10  7  H
 0.655766534  7  11  7  H
 0.674784170  7  11  8  H
 0.687973650  7  12  8  H
 0.710817793  7  12  7  H
 0.727147907  7  11  7  H
 0.742450247  7  11  6  H
 0.791813974  7  11  5  H
 0.813250783  7  12  5  H
 0.835088918  7  11  5  H
 0.861043881  7  11  4  H
 0.901323902  7  11  3  H
 0.913991482  7  12  3  H
 0.949903058  7  12  4  H
 0.993312999  7  11  4  H
 1.019451593  7  11  5  H
 1.060557811  7  12  5  H
 1.099244164  7  13  5  H
 1.139232500  7  13  4  H
 1.164095922  7  14  4  H
 1.193483035  7  13  4  H
 1.204766439  7  14  4  H
 1.224053834  7  13  4  H
 1.252356596  7  14  4  H
 1.276290181  7  14  3  H
 1.301642365  7  14  4  H
 0.000000000  4  3  3  E
 0.045723423  4  4  3  E
 0.072964552  4  4  2  E
 0.090245259  4  4  3  E
 0.134365547  4  3  3  E
 0.155350577  4  3  4  E
 0.181766552  4  3  3  E
 0.200881932  4  4  3  E
 0.215960316  4  5  3  E
 0.257377074  4  6  3  E
 0.280458916  4  6  2  E
 0.314744110  4  6  1  E
 0.354392654  4  6  0  E
 0.371428852  4  6  1  E
 0.400865812  4  6  2  E
 0.425128635  4  7  2  E
 0.463566626  4  8  2  E
 0.474475570  4  7  2  E
 0.486948413  4  6  2  E
 0.518364955  4  7  2  E
 0.530814854  4  8  2  E
 0.570194898  4  9  2  E
 0.618211155  4  9  3  E
 0.630195694  4  10  3  E
 0.670040337  4  11  3  E
 0.688026049  4  11  4  E
 0.736379358  4  10  4  E
 0.782551422  4  10  3  E
 0.829065367  4  11  3  E
 0.849925408  4  10  3  E
 0.864557990  4  11  3  E
 0.912703857  4  10  3  E
 0.953547976  4  10  2  E
 0.993309760  4  10  3  E
 1.018189086  4  11  3  E
 1.067497276  4  10  3  E
 1.085064695  4  9  3  E
 1.107530120  4  8  3  E
 1.150346145  4  8  4  E
 1.165350736  4  8  5  E
 1.212791100  4  7  5  E
 1.251095634  4  8  5  E
 1.280883668  4  9  5  E
 1.330860329  4  9  4  E
 1.348013103  4  8  4  E
 1.360265910  4  8  5  E
 1.385247960  4  8  4  E
 1.416760046  4  8  5  E
 1.450999878  4  8  4  E
 1.492976922  4  7  4  E
 0.000000000  11  5  11  L
 0.024458768  11  5  10  L
 0.054511378  11  4  10  L
 0.092549040  11  4  9  L
 0.107683733  11  3  9  L
 0.135631358  11  2  9  L
 0.168024090  11  2  8  L
 0.182947937  11  1  8  L
 0.217207385  11  1  9  L
 0.264295640  11  1  10  L
 0.300572359  11  1  11  L
 0.326972674  11  1  10  L
 0.338512604  11  2  10  L
 0.357761531  11  1  10  L
 0.385532899  11  0  10  L
 0.418246049  11  1  10  L
 0.446166798  11  1  11  L
 0.488213040  11  0  11  L
 0.530865399  11  0  10  L
 0.542563473  11  14  10  L
 0.575876592  11  14  9  L
 0.590125816  11  0  9  L
 0.605071318  11  1  9  L
 0.619399672  11  2  9  L
 0.637492365  11  2  10  L
 0.660612823  11  1  10  L
 0.672472477  11  0  10  L
 0.694627571  11  1  10  L
 0.727079362  11  1  11  L
 0.773931546  11  2  11  L
 0.795324699  11  2  12  L
 0.835172731  11  1  12  L
 0.881088875  11  1  11  L
 0.912755131  11  0  11  L
 0.947428652  11  14  11  L
 0.975216258  11  14  12  L
 1.000355173  11  14  11  L
 1.044590874  11  0  11  L
 1.065034249  11  1  11  L
 1.096736921  11  1  12  L
 1.108717183  11  1  13  L
 1.152743040  11  1  12  L
 1.198270134  11  1  11  L
 1.221688444  11  2  11  L
 1.267905901  11  3  11  L
 1.283306294  11  2  11  L
 1.316307603  11  2  12  L
 1.346723395  11  2  13  L
 1.374948717  11  1  13  L
 1.394902552  11  0  13  L
 1.429117427  11  14  13  L
 1.439540325  11  14  14  L
 1.479251165  11  13  14  L
 1.501225117  11  13  13  L
 1.526787173  11  13  12  L
 1.563407333  11  12  12  L
 1.591688271  11  12  13  L
 1.615750428  11  12  12  L
 1.664708359  11  12  13  L
 1.702040609  11  12  12  L
 1.724462377  11  12  13  L
 1.772322193  11  12  14  L
 1.787099205  11  11  14  L
 0.000000000  6  3  4  G
 0.035088890  6  3  3  G
 0.062585278  6  3  4  G
 0.102911390  6  4  4  G
 0.119390213  6  3  4  G
 0.167971974  6  4  4  G
 0.196167570  6  4  3  G
 0.212392264  6  5  3  G
 0.249488417  6  6  3  G
 0.271540241  6  5  3  G
 0.321269448  6  4  3  G
 0.339698495  6  4  4  G
 0.354341630  6  4  5  G
 0.371375703  6  5  5  G
 0.393705540  6  6  5  G
 0.430979557  6  6  4  G
 0.468620737  6  5  4  G
 0.510413788  6  6  4  G
 0.556459149  6  6  5  G
 0.605068633  6  5  5  G
 0.635046326  6  5  4  G
 0.665230683  6  5  5  G
 0.699682827  6  4  5  G
 0.742380716  6  3  5  G
 0.761498966  6  3  6  G
 0.776404493  6  2  6  G
 0.796601084  6  1  6  G
 0.821127725  6  0  6  G
 0.845371929  6  14  6  G
 0.864504253  6  14  7  G
 0.909039554  6  14  8  G
 0.929456957  6  13  8  G
 0.968419131  6  12  8  G
 0.979800141  6  12  9  G
 1.012507094  6  13  9  G
 1.024254541  6  13  8  G
 1.050282157  6  12  8  G
 1.100440870  6  12  9  G
 1.139175610  6  12  10  G
 1.160699247  6  12  9  G
 1.195874219  6  12  8  G
 1.238787472  6  12  9  G
 1.268055490  6  13  9  G
 1.298245797  6  13  8  G
 1.315056836  6  14  8  G
 1.360268649  6  14  7  G
 1.397348441  6  13  7  G
 1.431571132  6  13  6  G
 1.476997060  6  13  5  G
 1.524409733  6  12  5  G
 1.573604837  6  12  4  G
 1.615700613  6  12  3  G
 1.653339965  6  13  3  G
 1.672877888  6  12  3  G
 1.711135017  6  13  3  G
 1.748100933  6  14  3  G
 1.782523522  6  14  2  G
 1.825092594  6  14  3  G
 1.855406018  6  13  3  G
 1.881196974  6  12  3  G
 1.903810053  6  11  3  G
 1.922789264  6  11  4  G
 0.000000000  10  1  14  K
 0.049371372  10  2  14  K
 0.094842219  10  2  13  K
 0.113710022  10  2  12  K
 0.125158042  10  3  12  K
 0.165512442  10  3  13  K
 0.192728139  10  3  14  K
 0.226482114  10  3  13  K
 0.245157354  10  2  13  K
 0.269085674  10  3  13  K
 0.293792168  10  4  13  K
 0.307553483  10  4  14  K
 0.356585634  10  4  13  K
 0.405528841  10  3  13  K
 0.417049668  10  2  13  K
 0.442697065  10  2  14  K
 0.466061660  10  3  14  K
 0.479975035  10  3  13  K
 0.527464952  10  3  12  K
 0.545023570  10  3  13  K
 0.580476668  10  2  13  K
 0.630275033  10  3  13  K
 0.648021563  10  2  13  K
 0.661789718  10  1  13  K
 0.680661062  10  1  14  K
 0.695753185  10  1  13  K
 0.730745157  10  1  14  K
 0.774023051  10  1  13  K
 0.789403361  10  1  12  K
 0.832564596  10  0  12  K
 0.871007994  10  1  12  K
 0.891554899  10  0  12  K
 0.937107967  10  1  12  K
 0.980996558  10  1  11  K
 1.026488716  10  1  10  K
 1.044625906  10  1  9  K
 1.086274772  10  1  10  K
 1.111059517  10  0  10  K
 1.128812813  10  0  11  K
 1.140493270  10  14  11  K
 1.178822805  10  0  11  K
 1.205972797  10  1  11  K
 1.249908858  10  0  11  K
 1.268049800  10  14  11  K
 1.278541164  10  14  12  K
 1.327282635  10  14  13  K
 1.376189713  10  14  12  K
 1.413141780  10  14  11  K
 1.429171093  10  0  11  K
 1.452281787  10  0  10  K
 1.466251653  10  14  10  K
 1.501277511  10  14  9  K
 1.538452420  10  13  9  K
 1.561134685  10  14  9  K
 1.595420066  10  13  9  K
 1.606310843  10  12  9  K
 1.644524138  10  12  10  K
 1.670459365  10  11  10  K
 1.684119910  10  12  10  K
 1.714788432  10  12  11  K
 1.725751499  10  12  12  K
 1.773510161  10  12  13  K
 1.797038415  10  12  12  K
 1.819404609  10  13  12  K
 1.859942121  10  12  12  K
 1.905075874  10  13  12  K
 1.923973056  10  14  12  K
 1.949420981  10  14  13  K
 1.965782621  10  13  13  K
 0.000000000  12  13  10  M
 0.037537907  12  12  10  M
 0.054458196  12  11  10  M
 0.067038788  12  11  11  M
 0.097283475  12  10  11  M
 0.121739632  12  9  11  M
 0.147154881  12  10  11  M
 0.159755492  12  10  12  M
 0.197439453  12  10  11  M
 0.243849911  12  10  10  M
 0.284015785  12  9  10  M
 0.321272080  12  8  10  M
 0.356584153  12  9  10  M
 0.398455695  12  9  9  M
 0.434441454  12  9  10  M
 0.461191797  12  9  9  M
 0.474431247  12  9  10  M
 0.489420661  12  9  11  M
 0.527404482  12  9  12  M
 0.537837178  12  8  12  M
 0.551936093  12  8  11  M
 0.594636720  12  8  12  M
 0.625460765  12  9  12  M
 0.661787832  12  10  12  M
 0.681997362  12  10  13  M
 0.698359579  12  10  14  M
 0.741054016  12  10  0  M
 0.774027228  12  10  14  M
 0.789400335  12  11  14  M
 0.808832242  12  12  14  M
 0.845368999  12  12  13  M
 0.883524158  12  12  14  M
 0.896390790  12  11  14  M
 0.924899157  12  10  14  M
 0.948701127  12  10  13  M
 0.980998860  12  11  13  M
 0.993312104  12  11  14  M
 1.040993571  12  10  14  M
 1.053778600  12  11  14  M
 1.101629361  12  12  14  M
 1.124358185  12  12  13  M
 1.168807204  12  11  13  M
 1.192228007  12  12  13  M
 1.207189709  12  12  14  M
 1.236379976  12  11  14  M
 1.248610877  12  12  14  M
 1.275167833  12  12  0  M
 1.291367420  12  12  1  M
 1.330862929  12  13  1  M
 1.377420673  12  13  2  M
 1.414425490  12  14  2  M
 1.425476734  12  14  1  M
 1.439544000  12  0  1  M
 1.452279891  12  0  0  M
 1.498778786  12  0  14  M
 1.547674810  12  0  13  M
 1.564686317  12  14  13  M
 1.588134076  12  0  13  M
 1.624759201  12  14  13  M
 1.674064685  12  14  12  M
 1.685311694  12  0  12  M
 1.702043698  12  14  12  M
 1.718685764  12  0  12  M
 1.739048636  12  0  13  M
 1.766630692  12  0  12  M
 1.813960792  12  0  13  M
 1.846129462  12  1  13  M
 1.892346121  12  2  13  M
 1.936256953  12  2  12  M
 1.975878605  12  2  11  M
 2.026020168  12  1  11  M
 0.000000000  2  14  10  C
 0.040973603  2  14  11  C
 0.060091987  2  14  10  C
 0.102914032  2  14  11  C
 0.142682624  2  0  11  C
 0.176981328  2  1  11  C
 0.227680243  2  1  10  C
 0.253838077  2  1  9  C
 0.288825163  2  1  8  C
 0.337255744  2  1  7  C
 0.349551100  2  2  7  C
 0.361253605  2  3  7  C
 0.378587276  2  3  8  C
 0.413479598  2  3  7  C
 0.434387995  2  2  7  C
 0.474434028  2  3  7  C
 0.494978300  2  4  7  C
 0.506938095  2  5  7  C
 0.539044202  2  4  7  C
 0.556409249  2  4  6  C
 0.586652834  2  3  6  C
 0.607576430  2  4  6  C
 0.638734815  2  5  6  C
 0.655769081  2  5  5  C
 0.681904562  2  6  5  C
 0.713315980  2  7  5  C
 0.747023097  2  8  5  C
 0.784869016  2  8  4  C
 0.818784038  2  9  4  C
 0.864502346  2  9  5  C
 0.891274116  2  10  5  C
 0.911443395  2  9  5  C
 0.957193560  2  9  4  C
 0.995815246  2  10  4  C
 1.037500671  2  10  3  C
 1.049095860  2  9  3  C
 1.059370013  2  8  3  C
 1.087503291  2  8  2  C
 1.115627316  2  9  2  C
 1.165352558  2  10  2  C
 1.198321829  2  10  3  C
 1.238789390  2  10  2  C
 1.249906578  2  10  3  C
 1.270471802  2  10  2  C
 1.295832079  2  11  2  C
 1.309613041  2  11  1  C
 1.342060697  2  12  1  C
 1.371342368  2  11  1  C
 1.400863504  2  11  2  C
 1.426686443  2  11  1  C
 1.473384729  2  11  2  C
 1.494209271  2  11  1  C
 1.539641401  2  12  1  C
 1.589379866  2  13  1  C
 1.631495506  2  12  1  C
 1.662457057  2  12  2  C
 1.688804504  2  12  1  C
 1.703230879  2  13  1  C
 1.745704384  2  13  2  C
 1.782393335  2  13  3  C
 1.798239872  2  12  3  C
 1.826305435  2  13  3  C
 1.849799711  2  13  4  C
 1.869967940  2  12  4  C
 1.886731929  2  12  5  C
 1.932779410  2  11  5  C
 1.982449847  2  10  5  C
 1.999044085  2  10  4  C
 2.025960456  2  11  4  C
 0.000000000  13  9  6  N
 0.015989204  13  8  6  N
 0.027925975  13  9  6  N
 0.070437098  13  9  7  N
 0.090192141  13  9  8  N
 0.127455286  13  9  7  N
 0.152988991  13  9  8  N
 0.185367600  13  9  7  N
 0.225276581  13  9  6  N
 0.257375508  13  8  6  N
 0.291358089  13  8  5  N
 0.338510953  13  9  5  N
 0.361251176  13  9  6  N
 0.391208706  13  8  6  N
 0.441529676  13  8  7  N
 0.464904615  13  8  6  N
 0.486850690  13  9  6  N
 0.505756103  13  9  7  N
 0.524951285  13  8  7  N
 0.543750632  13  8  8  N
 0.590200599  13  8  7  N
 0.606352939  13  8  6  N
 0.643248799  13  8  5  N
 0.682001827  13  8  6  N
 0.698362498  13  8  7  N
 0.713406958  13  9  7  N
 0.748213878  13  8  7  N
 0.781266604  13  9  7  N
 0.803322527  13  9  6  N
 0.829056556  13  8  6  N
 0.876625847  13  8  7  N
 0.896452010  13  8  6  N
 0.911438984  13  9  6  N
 0.946130778  13  9  7  N
 0.966004060  13  9  8  N
 0.985550203  13  9  7  N
 1.013717507  13  9  6  N
 1.024190241  13  8  6  N
 1.043436664  13  8  7  N
 1.054990200  13  9  7  N
 1.094485661  13  8  7  N
 1.132306603  13  8  6  N
 1.181158672  13  9  6  N
 1.226396604  13  9  7  N
 1.253616024  13  9  8  N
 1.283304674  13  10  8  N
 1.308384745  13  10  9  N
 1.346644419  13  9  9  N
 1.372580280  13  9  10  N
 1.391828275  13  9  9  N
 1.403300475  13  9  8  N
 1.431572815  13  9  7  N
 1.448638974  13  10  7  N
 1.469738230  13  9  7  N
 1.488435241  13  10  7  N
 1.535040957  13  11  7  N
 1.550049011  13  12  7  N
 1.586892121  13  12  8  N
 1.613194734  13  12  7  N
 1.624805777  13  13  7  N
 1.672930820  13  14  7  N
 1.717358015  13  14  6  N
 1.751508699  13  13  6  N
 1.795752456  13  13  5  N
 1.830840238  13  14  5  N
 1.868779310  13  14  6  N
 1.916069248  13  13  6  N
 1.949469698  13  12  6  N
 1.993981014  13  12  5  N
 2.015022682  13  12  4  N
 2.056135837  13  11  4  N
 2.069449698  13  11  3  N
 2.102152124  13  11  2  N
 2.149207472  13  12  2  N
 2.171446421  13  13  2  N
 2.193233570  13  13  3  N
 2.210984724  13  12  3  N
 2.231033984  13  12  4  N
 2.276609629  13  12  3  N
 2.323679111  13  12  4  N
 2.348341081  13  12  3  N
 2.383336126  13  12  4  N
 2.398874595  13  12  5  N
 2.413906226  13  12  6  N
 2.459082186  13  13  6  N
 2.486777116  13  13  5  N
 0.000000000  1  9  0  B
 0.043323821  1  9  1  B
 0.090312723  1  9  2  B
 0.118252591  1  10  2  B
 0.141485125  1  10  1  B
 0.178187580  1  10  0  B
 0.228952205  1  10  14  B
 0.271434485  1  10  0  B
 0.294974831  1  11  0  B
 0.331471411  1  11  1  B
 0.351903119  1  11  2  B
 0.372676129  1  11  3  B
 0.417104832  1  10  3  B
 0.446113861  1  9  3  B
 0.471986887  1  8  3  B
 0.496196911  1  8  2  B
 0.540243194  1  9  2  B
 0.584109888  1  9  1  B
 0.622886985  1  9  2  B
 0.636254288  1  10  2  B
 0.683390354  1  10  1  B
 0.707487703  1  9  1  B
 0.747020657  1  10  1  B
 0.774025736  1  9  1  B
 0.803324413  1  10  1  B
 0.852292897  1  10  2  B
 0.898915058  1  10  1  B
 0.915171620  1  10  2  B
 0.946133282  1  9  2  B
 0.966001662  1  10  2  B
 0.995761457  1  9  2  B
 1.043388985  1  8  2  B
 1.089968748  1  8  3  B
 1.136724042  1  7  3  B
 1.159518224  1  7  2  B
 1.171136007  1  7  1  B
 1.187751037  1  6  1  B
 1.212932154  1  6  0  B
 1.224056167  1  6  14  B
 1.251093631  1  6  0  B
 1.291346713  1  7  0  B
 1.330933099  1  7  14  B
 1.355691164  1  7  13  B
 1.378589964  1  7  12  B
 1.394845481  1  7  13  B
 1.443041765  1  6  13  B
 1.473345996  1  7  13  B
 1.487178157  1  6  13  B
 1.533786121  1  5  13  B
 1.551331032  1  6  13  B
 1.594093168  1  5  13  B
 1.611895362  1  5  12  B
 1.634814361  1  5  11  B
 1.676514469  1  6  11  B
 1.721059257  1  6  10  B
 1.766628060  1  6  9  B
 1.801895386  1  7  9  B
 1.847403678  1  6  9  B
 1.892400336  1  5  9  B
 1.932781861  1  5  8  B
 1.975817347  1  6  8  B
 1.990546186  1  6  7  B
 2.036059263  1  6  6  B
 2.058492980  1  5  6  B
 2.085798638  1  4  6  B
 2.098673527  1  3  6  B
 2.126058404  1  3  5  B
 2.143603646  1  3  4  B
 2.158244277  1  2  4  B
 2.178158813  1  3  4  B
 2.223143361  1  4  4  B
 2.243969335  1  5  4  B
 2.259287422  1  5  5  B
 2.306838953  1  4  5  B
 2.352809517  1  3  5  B
 2.382130615  1  3  6  B
 2.430094279  1  2  6  B
 2.443291186  1  2  7  B
 2.484275817  1  2  6  B
 2.528024584  1  3  6  B
 2.560974970  1  2  6  B
 2.577610659  1  2  5  B
 2.610930774  1  2  6  B
 2.661517502  1  2  7  B
 2.711155244  1  2  8  B
 0.000000000  9  5  13  J
 0.033871381  9  6  13  J
 0.076352496  9  7  13  J
 0.111320665  9  7  12  J
 0.161050165  9  7  11  J
 0.207643265  9  6  11  J
 0.226539941  9  5  11  J
 0.237986060  9  5  12  J
 0.267894125  9  6  12  J
 0.310054478  9  6  11  J
 0.354390864  9  6  12  J
 0.391149510  9  6  11  J
 0.428682127  9  6  10  J
 0.448466221  9  6  9  J
 0.467320971  9  5  9  J
 0.503307214  9  6  9  J
 0.533260866  9  6  8  J
 0.566597190  9  5  8  J
 0.606433598  9  6  8  J
 0.619401398  9  5  8  J
 0.660555658  9  5  7  J
 0.694585257  9  5  6  J
 0.717990526  9  5  5  J
 0.768402728  9  5  4  J
 0.798941585  9  5  3  J
 0.836441263  9  4  3  J
 0.882264368  9  3  3  J
 0.898867300  9  3  2  J
 0.910248927  9  3  3  J
 0.952323489  9  4  3  J
 1.002699169  9  4  4  J
 1.049155025  9  3  4  J
 1.060559612  9  3  3  J
 1.086334441  9  4  3  J
 1.105090415  9  4  4  J
 1.152740728  9  5  4  J
 1.181160739  9  6  4  J
 1.217245312  9  6  3  J
 1.261279255  9  7  3  J
 1.286779094  9  6  3  J
 1.335390427  9  6  4  J
 1.374950219  9  6  3  J
 1.393503108  9  6  2  J
 1.433966087  9  6  1  J
 1.480507652  9  6  0  J
 1.513463297  9  6  14  J
 1.527975877  9  6  0  J
 1.542110309  9  6  1  J
 1.584511207  9  6  2  J
 1.614447514  9  6  1  J
 1.652134299  9  6  0  J
 1.668117457  9  6  14  J
 1.691146944  9  6  13  J
 1.702042803  9  6  14  J
 1.719883540  9  7  14  J
 1.734477817  9  8  14  J
 1.777908236  9  9  14  J
 1.799474481  9  10  14  J
 1.813958747  9  10  13  J
 1.841617630  9  9  13  J
 1.864328891  9  8  13  J
 1.900058352  9  8  12  J
 1.916019796  9  9  12  J
 1.947039694  9  10  12  J
 1.981262358  9  11  12  J
 2.027160086  9  10  12  J
 2.059668611  9  11  12  J
 2.079461820  9  11  13  J
 2.122645982  9  11  12  J
 2.142420642  9  11  11  J
 2.160516883  9  11  12  J
 2.178100922  9  11  11  J
 2.207455998  9  12  11  J
 2.226555111  9  12  10  J
 2.260473857  9  13  10  J
 2.285340743  9  14  10  J
 2.315613137  9  13  10  J
 2.357523516  9  14  10  J
 2.394345898  9  0  10  J
 2.433495674  9  0  11  J
 2.477508523  9  14  11  J
 2.514894533  9  14  10  J
 2.562188696  9  13  10  J
 2.607086651  9  13  9  J
 2.651326849  9  13  10  J
 2.665917931  9  12  10  J
 2.695062474  9  12  11  J
 2.713506468  9  12  12  J
 2.731729007  9  13  12  J
 2.751460537  9  12  12  J
 0.000000000  0  13  9  A
 0.023213121  0  14  9  A
 0.055640305  0  0  9  A
 0.106391265  0  14  9  A
 0.149578071  0  14  8  A
 0.179368506  0  13  8  A
 0.211139740  0  14  8  A
 0.241469462  0  0  8  A
 0.290085172  0  0  7  A
 0.300625136  0  1  7  A
 0.338554311  0  1  8  A
 0.367986539  0  1  7  A
 0.389903709  0  1  8  A
 0.421747590  0  1  7  A
 0.438067460  0  0  7  A
 0.483454569  0  14  7  A
 0.502095864  0  0  7  A
 0.530816867  0  14  7  A
 0.567931636  0  14  6  A
 0.618261940  0  13  6  A
 0.667581806  0  14  6  A
 0.707432268  0  0  6  A
 0.720316798  0  1  6  A
 0.759037889  0  2  6  A
 0.775112845  0  3  6  A
 0.813292234  0  2  6  A
 0.848756223  0  1  6  A
 0.895170271  0  1  7  A
 0.940520155  0  1  6  A
 0.954765639  0  2  6  A
 0.973949644  0  2  5  A
 1.022901700  0  2  6  A
 1.044587156  0  3  6  A
 1.070932823  0  2  6  A
 1.097992258  0  2  5  A
 1.112314545  0  1  5  A
 1.157181889  0  0  5  A
 1.207186789  0  0  4  A
 1.231840528  0  0  3  A
 1.275099452  0  0  4  A
 1.307140350  0  1  4  A
 1.346725430  0  0  4  A
 1.362674233  0  0  3  A
 1.403346966  0  0  4  A
 1.433916832  0  14  4  A
 1.474558059  0  14  3  A
 1.488484321  0  14  2  A
 1.509954116  0  14  1  A
 1.547737111  0  13  1  A
 1.577211996  0  13  2  A
 1.620198972  0  14  2  A
 1.657889066  0  14  1  A
 1.707711482  0  14  0  A
 1.719881686  0  14  1  A
 1.748097715  0  0  1  A
 1.771120703  0  0  2  A
 1.811676153  0  0  3  A
 1.848612477  0  0  4  A
 1.872313459  0  0  5  A
 1.901369725  0  0  4  A
 1.920528996  0  14  4  A
 1.952845549  0  0  4  A
 1.989333195  0  0  5  A
 2.009283962  0  14  5  A
 2.057316124  0  14  6  A
 2.068178134  0  0  6  A
 2.095192405  0  0  5  A
 2.141137215  0  0  4  A
 2.152689696  0  0  3  A
 2.197659388  0  0  2  A
 2.214317014  0  14  2  A
 2.250506179  0  14  1  A
 2.276605783  0  13  1  A
 2.318073720  0  12  1  A
 2.354065695  0  12  2  A
 2.398933029  0  13  2  A
 2.433497975  0  14  2  A
 2.457548870  0  14  3  A
 2.484206148  0  0  3  A
 2.505022043  0  14  3  A
 2.530456671  0  14  4  A
 2.548822405  0  13  4  A
 2.575208096  0  14  4  A
 2.595084553  0  14  5  A
 2.608445943  0  14  4  A
 2.629736402  0  14  3  A
 2.654827021  0  14  2  A
 2.673492730  0  0  2  A
 2.693875262  0  0  1  A
 2.732931098  0  0  2  A
