0.000151847 0 0 0 A
0.014291535 0 0 1 A
0.014305653 0 0 2 A
0.059596593 0 0 3 A
0.059597177 0 0 0 A
0.088601118 0 0 1 A
0.094472262 0 0 2 A
0.137936298 0 0 3 A
0.137936783 0 0 0 A
0.173462389 0 0 1 A
0.179245002 0 0 2 A
0.199315521 0 0 3 A
0.199315829 0 0 0 A
0.233161888 0 0 1 A
0.245634714 0 0 2 A
0.262467497 0 0 3 A
0.262468302 0 0 0 A
0.275973431 0 0 1 A
0.275973872 0 0 2 A
0.287175994 0 0 3 A
0.287176412 0 0 0 A
0.326349297 0 0 1 A
0.326477890 0 0 2 A
0.353408842 0 0 3 A
0.353409327 0 0 0 A
0.397253910 0 0 1 A
0.397254340 0 0 2 A
0.416215727 0 0 3 A
0.416216168 0 0 0 A
0.454353655 0 0 1 A
0.484435469 0 0 2 A
0.527957408 0 0 3 A
0.527957892 0 0 0 A
0.574741288 0 0 1 A
0.591606645 0 0 2 A
0.636255717 0 0 3 A
0.636256290 0 0 0 A
0.683044308 0 0 1 A
0.683044606 0 0 2 A
0.710818905 0 0 3 A
0.710819357 0 0 0 A
0.756499135 0 0 1 A
0.756499609 0 0 2 A
0.792418786 0 0 3 A
0.792419403 0 0 0 A
0.840138598 0 0 1 A
0.840139094 0 0 2 A
0.858010738 0 0 3 A
0.858011234 0 0 0 A
0.876482100 0 0 1 A
0.909748194 0 0 2 A
0.959479280 0 0 3 A
0.959479588 0 0 0 A
0.991124778 0 0 1 A
0.991125108 0 0 2 A
1.015185935 0 0 3 A
1.015186497 0 0 0 A
1.057832147 0 0 1 A
1.077586143 0 0 2 A
1.100955022 0 0 3 A
1.100955331 0 0 0 A
1.127127111 0 0 1 A
1.150639990 0 0 2 A
1.173020110 0 0 3 A
1.173020551 0 0 0 A
1.210163302 0 0 1 A
1.210163676 0 0 2 A
1.238557370 0 0 3 A
1.238569911 0 0 0 A
1.277415123 0 0 1 A
1.278797695 0 0 2 A
1.311109129 0 0 3 A
1.311109779 0 0 0 A
1.356968189 0 0 1 A
1.357096848 0 0 2 A
1.406875904 0 0 3 A
1.406876356 0 0 0 A
0.000081191 1 1 0 B
0.019991976 1 1 1 B
0.059599081 1 1 2 B
0.094471228 1 1 3 B
0.094471613 1 1 0 B
0.122236158 1 1 1 B
0.137938332 1 1 2 B
0.179243039 1 1 3 B
0.179243480 1 1 0 B
0.219542592 1 1 1 B
0.219543419 1 1 2 B
0.245632425 1 1 3 B
0.245632844 1 1 0 B
0.278532603 1 1 1 B
0.287176826 1 1 2 B
0.326477168 1 1 3 B
0.326477565 1 1 0 B
0.339912705 1 1 1 B
0.353410428 1 1 2 B
0.394354906 1 1 3 B
0.394355347 1 1 0 B
0.442897372 1 1 1 B
0.442897824 1 1 2 B
0.484432861 1 1 3 B
0.484433798 1 1 0 B
0.518875673 1 1 1 B
0.527958817 1 1 2 B
0.543928206 1 1 3 B
0.543928503 1 1 0 B
0.562885516 1 1 1 B
0.562885814 1 1 2 B
0.591604589 1 1 3 B
0.591604986 1 1 0 B
0.616134751 1 1 1 B
0.636257784 1 1 2 B
0.667385811 1 1 3 B
0.667386307 1 1 0 B
0.683174743 1 1 1 B
0.710819909 1 1 2 B
0.751716214 1 1 3 B
0.751716643 1 1 0 B
0.781114840 1 1 1 B
0.792419573 1 1 2 B
0.823198029 1 1 3 B
0.823198459 1 1 0 B
0.861752407 1 1 1 B
0.861752859 1 1 2 B
0.909746832 1 1 3 B
0.909747262 1 1 0 B
0.940472050 1 1 1 B
0.959481038 1 1 2 B
0.972963579 1 1 3 B
0.972963943 1 1 0 B
1.012498351 1 1 1 B
1.015187527 1 1 2 B
1.032027563 1 1 3 B
1.032028368 1 1 0 B
1.046577482 1 1 1 B
1.046577890 1 1 2 B
1.077584858 1 1 3 B
1.077585167 1 1 0 B
1.117888956 1 1 1 B
1.117889519 1 1 2 B
1.150638970 1 1 3 B
1.150639576 1 1 0 B
1.163917624 1 1 1 B
1.173021411 1 1 2 B
1.199721550 1 1 3 B
1.199728471 1 1 0 B
1.212962208 1 1 1 B
1.238570446 1 1 2 B
1.278796779 1 1 3 B
1.278797363 1 1 0 B
1.321459318 1 1 1 B
1.321459913 1 1 2 B
1.357096088 1 1 3 B
1.357096529 1 1 0 B
1.406996214 1 1 1 B
1.406996655 1 1 2 B
1.441358314 1 1 3 B
1.441358744 1 1 0 B
1.487820348 1 1 1 B
1.487820855 1 1 2 B
1.521078172 1 1 3 B
1.521078635 1 1 0 B
1.556531828 1 1 1 B
1.556532258 1 1 2 B
1.579879548 1 1 3 B
1.579879922 1 1 0 B
1.625285452 1 1 1 B
1.625285893 1 1 2 B
1.662944397 1 1 3 B
1.662944838 1 1 0 B
1.708304312 1 1 1 B
1.708304775 1 1 2 B
1.761364214 1 1 3 B
1.761364633 1 1 0 B
-1 2 2 4 Local_Section;Entry_Protocol;Critical_Section;Exit_Protocol;
