 0.008309875  1  1  0  B
 0.039720007  1  1  1  B
 0.039722498  1  1  2  B
 0.078904637  1  1  3  B
 0.078907106  1  1  0  B
 0.106113591  1  1  1  B
 0.113082536  1  1  2  B
 0.149913431  1  1  3  B
 0.149915624  1  1  0  B
 0.165102588  1  1  1  B
 0.169810556  1  1  2  B
 0.193682080  1  1  3  B
 0.193685001  1  1  0  B
 0.230375795  1  1  1  B
 0.243929978  1  1  2  B
 0.297462011  1  1  3  B
 0.297464215  1  1  0  B
 0.327349165  1  1  1  B
 0.331720286  1  1  2  B
 0.385388778  1  1  3  B
 0.385391412  1  1  0  B
 0.430502904  1  1  1  B
 0.430505824  1  1  2  B
 0.459886619  1  1  3  B
 0.459889242  1  1  0  B
 0.479656584  1  1  1  B
 0.487420738  1  1  2  B
 0.523079847  1  1  3  B
 0.523082889  1  1  0  B
 0.573260805  1  1  1  B
 0.573262194  1  1  2  B
 0.594821624  1  1  3  B
 0.594823531  1  1  0  B
 0.612937317  1  1  1  B
 0.612939323  1  1  2  B
 0.662057031  1  1  3  B
 0.662059709  1  1  0  B
 0.693686790  1  1  1  B
 0.693687848  1  1  2  B
 0.712420043  1  1  3  B
 0.712421851  1  1  0  B
 0.762461178  1  1  1  B
 0.762464407  1  1  2  B
 0.802668776  1  1  3  B
 0.802671487  1  1  0  B
 0.842756194  1  1  1  B
 0.842757153  1  1  2  B
 0.859112860  1  1  3  B
 0.859116145  1  1  0  B
 0.896737905  1  1  1  B
 0.923716142  1  1  2  B
 0.968154075  1  1  3  B
 0.968156643  1  1  0  B
 0.008057240  0  0  0  A
 0.045144086  0  0  1  A
 0.078910342  0  0  2  A
 0.113077781  0  0  3  A
 0.113080691  0  0  0  A
 0.141305969  0  0  1  A
 0.149917316  0  0  2  A
 0.169808854  0  0  3  A
 0.169810044  0  0  0  A
 0.200191754  0  0  1  A
 0.200193991  0  0  2  A
 0.243925598  0  0  3  A
 0.243928332  0  0  0  A
 0.286489996  0  0  1  A
 0.297464794  0  0  2  A
 0.331717152  0  0  3  A
 0.331718364  0  0  0  A
 0.349940506  0  0  1  A
 0.385393480  0  0  2  A
 0.400642140  0  0  3  A
 0.400644465  0  0  0  A
 0.445924876  0  0  1  A
 0.459892898  0  0  2  A
 0.487418706  0  0  3  A
 0.487419841  0  0  0  A
 0.528325393  0  0  1  A
 0.528327730  0  0  2  A
 0.566980823  0  0  3  A
 0.566983953  0  0  0  A
 0.587067827  0  0  1  A
 0.594825578  0  0  2  A
 0.607544811  0  0  3  A
 0.607545660  0  0  0  A
 0.620860037  0  0  1  A
 0.662062560  0  0  2  A
 0.690005326  0  0  3  A
 0.690008302  0  0  0  A
 0.701255108  0  0  1  A
 0.712422553  0  0  2  A
 0.748297343  0  0  3  A
 0.748300077  0  0  0  A
 0.782143093  0  0  1  A
 0.802675019  0  0  2  A
 0.838896342  0  0  3  A
 0.838898821  0  0  0  A
 0.873348373  0  0  1  A
 0.873351404  0  0  2  A
 0.923710383  0  0  3  A
 0.923713237  0  0  0  A
 0.948335137  0  0  1  A
 0.968160157  0  0  2  A
 1.020481215  0  0  3  A
 1.020484179  0  0  0  A
 1.066576537  0  0  1  A
 1.066579623  0  0  2  A
 1.087672757  0  0  3  A
 1.087675181  0  0  0  A
 1.129704686  0  0  1  A
 1.129707287  0  0  2  A
 1.169924666  0  0  3  A
 1.169927653  0  0  0  A
 1.223375693  0  0  1  A
 1.223379286  0  0  2  A
 1.243121886  0  0  3  A
 1.243124167  0  0  0  A
 1.285785434  0  0  1  A
 1.285788365  0  0  2  A
 1.305012702  0  0  3  A
 1.305015116  0  0  0  A
 1.334529749  0  0  1  A
 1.334532725  0  0  2  A
 1.379473799  0  0  3  A
 1.379477403  0  0  0  A
-1  2  2  4 LOCAL_SECTION;ENTRY_PROTOCOL;CRITICAL_SECTION;EXIT_PROTOCOL;EXTRA_LABEL;
