0.000344711 2 2 0 C
0.044644003 2 2 1 C
0.362096871 2 2 2 C
0.415579279 2 2 3 C
0.415579907 2 2 0 C
0.474110912 2 2 1 C
0.863920521 2 2 2 C
0.885141463 2 2 3 C
0.885141870 2 2 0 C
0.914838924 2 2 1 C
1.200484043 2 2 2 C
1.233401639 2 2 3 C
1.233402553 2 2 0 C
1.280461265 2 2 1 C
1.630852052 2 2 2 C
1.694123461 2 2 3 C
1.694123825 2 2 0 C
1.739371117 2 2 1 C
2.080433871 2 2 2 C
2.124877864 2 2 3 C
2.124878217 2 2 0 C
2.173266723 2 2 1 C
2.544381793 2 2 2 C
2.595669830 2 2 3 C
2.595670194 2 2 0 C
2.617721225 2 2 1 C
2.982906782 2 2 2 C
3.029453404 2 2 3 C
3.029453735 2 2 0 C
3.074729317 2 2 1 C
3.329032593 2 2 2 C
3.379689300 2 2 3 C
3.379689664 2 2 0 C
3.403687933 2 2 1 C
3.757109983 2 2 2 C
3.800978776 2 2 3 C
3.800979118 2 2 0 C
3.865096337 2 2 1 C
4.191077553 2 2 2 C
4.232874463 2 2 3 C
4.232874837 2 2 0 C
4.254095030 2 2 1 C
4.652272317 2 2 2 C
4.673208016 2 2 3 C
4.673208357 2 2 0 C
4.710051154 2 2 1 C
5.056526418 2 2 2 C
5.078107508 2 2 3 C
5.078107916 2 2 0 C
5.108337678 2 2 1 C
5.486748553 2 2 2 C
5.541944203 2 2 3 C
5.541944555 2 2 0 C
0.000287218 4 4 0 E
0.032936540 4 4 1 E
0.199217669 4 4 2 E
0.222632011 4 4 3 E
0.222632684 4 4 0 E
0.243232031 4 4 1 E
0.664447144 4 4 2 E
0.712555736 4 4 3 E
0.712556155 4 4 0 E
0.755265289 4 4 1 E
1.068697084 4 4 2 E
1.097846567 4 4 3 E
1.097847217 4 4 0 E
1.144755066 4 4 1 E
1.469116332 4 4 2 E
1.509822796 4 4 3 E
1.509823193 4 4 0 E
1.531491180 4 4 1 E
1.891877190 4 4 2 E
1.938779646 4 4 3 E
1.938780065 4 4 0 E
1.989509990 4 4 1 E
2.366061159 4 4 2 E
2.394140080 4 4 3 E
2.394140422 4 4 0 E
2.438217018 4 4 1 E
2.793664009 4 4 2 E
2.860757277 4 4 3 E
2.860758026 4 4 0 E
2.900811317 4 4 1 E
3.204591636 4 4 2 E
3.224814508 4 4 3 E
3.224814938 4 4 0 E
3.256557972 4 4 1 E
3.573603374 4 4 2 E
3.620248308 4 4 3 E
3.620248616 4 4 0 E
3.640732785 4 4 1 E
4.043664804 4 4 2 E
4.086566855 4 4 3 E
4.086567208 4 4 0 E
4.136545532 4 4 1 E
4.452939969 4 4 2 E
4.517858786 4 4 3 E
4.517860163 4 4 0 E
4.549043910 4 4 1 E
4.905512897 4 4 2 E
4.970648561 4 4 3 E
4.970648880 4 4 0 E
4.998229166 4 4 1 E
5.294344991 4 4 2 E
5.327013924 4 4 3 E
5.327014244 4 4 0 E
5.346764217 4 4 1 E
5.740132468 4 4 2 E
5.777709889 4 4 3 E
5.777710308 4 4 0 E
0.000108733 9 9 0 J
0.022193954 9 9 1 J
0.089313393 9 9 2 J
0.149961732 9 9 3 J
0.149962151 9 9 0 J
0.181698087 9 9 1 J
0.588585950 9 9 2 J
0.610005246 9 9 3 J
0.610006040 9 9 0 J
0.652052760 9 9 1 J
0.992850245 9 9 2 J
1.035547972 9 9 3 J
1.035548545 9 9 0 J
1.057520932 9 9 1 J
1.404378732 9 9 2 J
1.447766377 9 9 3 J
1.447766840 9 9 0 J
1.470337159 9 9 1 J
1.801974899 9 9 2 J
1.844346858 9 9 3 J
1.844347222 9 9 0 J
1.891884034 9 9 1 J
2.267868207 9 9 2 J
2.310225677 9 9 3 J
2.310226052 9 9 0 J
2.366087620 9 9 1 J
2.674264811 9 9 2 J
2.728067746 9 9 3 J
2.728068231 9 9 0 J
2.793351600 9 9 1 J
3.140467665 9 9 2 J
3.161264786 9 9 3 J
3.161265028 9 9 0 J
3.211389360 9 9 1 J
3.540595826 9 9 2 J
3.561503983 9 9 3 J
3.561504226 9 9 0 J
3.601302860 9 9 1 J
3.952517947 9 9 2 J
3.988687924 9 9 3 J
3.988688144 9 9 0 J
4.043465283 9 9 1 J
4.361530401 9 9 2 J
4.390487310 9 9 3 J
4.390487695 9 9 0 J
4.438735282 9 9 1 J
4.804174930 9 9 2 J
4.849083425 9 9 3 J
4.849083789 9 9 0 J
4.898820177 9 9 1 J
5.209920531 9 9 2 J
5.250969730 9 9 3 J
5.250970094 9 9 0 J
5.295587629 9 9 1 J
5.657695911 9 9 2 J
5.686302008 9 9 3 J
5.686302493 9 9 0 J
5.708453234 9 9 1 J
5.970674082 9 9 2 J
5.989682476 9 9 3 J
5.989682894 9 9 0 J
0.000305744 1 1 0 B
0.064641584 1 1 1 B
0.415582337 1 1 2 B
0.470825971 1 1 3 B
0.470826467 1 1 0 B
0.517517794 1 1 1 B
0.885142347 1 1 2 B
0.906941816 1 1 3 B
0.906942400 1 1 0 B
0.928976703 1 1 1 B
1.233403487 1 1 2 B
1.290885510 1 1 3 B
1.290886116 1 1 0 B
1.337879176 1 1 1 B
1.694781480 1 1 2 B
1.739361253 1 1 3 B
1.739361584 1 1 0 B
1.770151554 1 1 1 B
2.124878698 1 1 2 B
2.170784684 1 1 3 B
2.170785268 1 1 0 B
2.193969587 1 1 1 B
2.595671753 1 1 2 B
2.618085579 1 1 3 B
2.618085888 1 1 0 B
2.658781864 1 1 1 B
3.029454836 1 1 2 B
3.069886981 1 1 3 B
3.069887311 1 1 0 B
3.117603073 1 1 1 B
3.379696718 1 1 2 B
3.415529587 1 1 3 B
3.415529885 1 1 0 B
3.461882445 1 1 1 B
3.800979585 1 1 2 B
3.865895369 1 1 3 B
3.865895623 1 1 0 B
3.887365163 1 1 1 B
4.232875209 1 1 2 B
4.275582803 1 1 3 B
4.275583299 1 1 0 B
4.319012237 1 1 1 B
4.675620736 1 1 2 B
4.694514233 1 1 3 B
4.694514585 1 1 0 B
4.761867927 1 1 1 B
5.078109090 1 1 2 B
5.101462573 1 1 3 B
5.101462925 1 1 0 B
5.135775600 1 1 1 B
5.541944931 1 1 2 B
5.601594953 1 1 3 B
5.601595394 1 1 0 B
5.648339777 1 1 1 B
5.863773714 1 1 2 B
5.889097785 1 1 3 B
5.889098259 1 1 0 B
5.900766716 1 1 1 B
6.134831126 1 1 2 B
6.178903493 1 1 3 B
6.178903846 1 1 0 B
6.193934005 1 1 1 B
6.411444425 1 1 2 B
6.441678310 1 1 3 B
6.441678586 1 1 0 B
0.000320248 5 5 0 F
0.031233302 5 5 1 F
0.176032565 5 5 2 F
0.199216244 5 5 3 F
0.199216751 5 5 0 F
0.243254658 5 5 1 F
0.723104825 5 5 2 F
0.766375888 5 5 3 F
0.766376494 5 5 0 F
0.809995478 5 5 1 F
1.097848083 5 5 2 F
1.144737920 5 5 3 F
1.144738372 5 5 0 F
1.165568322 5 5 1 F
1.509835371 5 5 2 F
1.542289228 5 5 3 F
1.542289625 5 5 0 F
1.606963830 5 5 1 F
1.938783085 5 5 2 F
1.979899380 5 5 3 F
1.979899865 5 5 0 F
2.027750479 5 5 1 F
2.394141224 5 5 2 F
2.438357349 5 5 3 F
2.438358197 5 5 0 F
2.481466104 5 5 1 F
2.870868745 5 5 2 F
2.891992715 5 5 3 F
2.891993112 5 5 0 F
2.913906023 5 5 1 F
3.228218869 5 5 2 F
3.239416622 5 5 3 F
3.239416997 5 5 0 F
3.286269926 5 5 1 F
3.630539929 5 5 2 F
3.671865623 5 5 3 F
3.671866273 5 5 0 F
3.714262963 5 5 1 F
4.086567611 5 5 2 F
4.108615575 5 5 3 F
4.108615894 5 5 0 F
4.170471350 5 5 1 F
4.549047749 5 5 2 F
4.593904853 5 5 3 F
4.593905283 5 5 0 F
4.633595848 5 5 1 F
4.991335902 5 5 2 F
5.033098325 5 5 3 F
5.033098887 5 5 0 F
5.056005081 5 5 1 F
5.357735443 5 5 2 F
5.439977312 5 5 3 F
5.439977731 5 5 0 F
5.486756653 5 5 1 F
5.806992575 5 5 2 F
5.852468518 5 5 3 F
5.852468959 5 5 0 F
5.898269525 5 5 1 F
6.084662347 5 5 2 F
6.134829748 5 5 3 F
6.134830277 5 5 0 F
6.147132357 5 5 1 F
6.372221367 5 5 2 F
6.411442662 5 5 3 F
6.411443136 5 5 0 F
6.436397395 5 5 1 F
6.622483971 5 5 2 F
6.653973394 5 5 3 F
6.653978651 5 5 0 F
0.000264327 0 0 0 A
0.039537954 0 0 1 A
0.296170924 0 0 2 A
0.361030944 0 0 3 A
0.361031682 0 0 0 A
0.386144853 0 0 1 A
0.820263599 0 0 2 A
0.863917895 0 0 3 A
0.863918457 0 0 0 A
0.899626214 0 0 1 A
1.158427777 0 0 2 A
1.200481593 0 0 3 A
1.200482111 0 0 0 A
1.249082175 0 0 1 A
1.606948027 0 0 2 A
1.629628080 0 0 3 A
1.629628454 0 0 0 A
1.671209728 0 0 1 A
2.017661148 0 0 2 A
2.080432316 0 0 3 A
2.080432669 0 0 0 A
2.109196512 0 0 1 A
2.491100477 0 0 2 A
2.542360530 0 0 3 A
2.542360883 0 0 0 A
2.595670478 0 0 1 A
2.958117815 0 0 2 A
2.982475255 0 0 3 A
2.982475585 0 0 0 A
3.029123082 0 0 1 A
3.283999910 0 0 2 A
3.329031808 0 0 3 A
3.329032171 0 0 0 A
3.379701027 0 0 1 A
3.715894741 0 0 2 A
3.757108354 0 0 3 A
3.757108739 0 0 0 A
3.778842366 0 0 1 A
4.135229340 0 0 2 A
4.191076318 0 0 3 A
4.191076583 0 0 0 A
4.232873568 0 0 1 A
4.593906704 0 0 2 A
4.652271361 0 0 3 A
4.652271813 0 0 0 A
4.680169018 0 0 1 A
5.033232614 0 0 2 A
5.056525052 0 0 3 A
5.056525294 0 0 0 A
5.102707944 0 0 1 A
5.439978182 0 0 2 A
5.486741420 0 0 3 A
5.486741883 0 0 0 A
5.530051278 0 0 1 A
5.852470316 0 0 2 A
5.863652976 0 0 3 A
5.863653262 0 0 0 A
5.889068904 0 0 1 A
6.045616499 0 0 2 A
6.084660727 0 0 3 A
6.084661201 0 0 0 A
6.104879278 0 0 1 A
6.327605571 0 0 2 A
6.372104460 0 0 3 A
6.372105033 0 0 0 A
6.390836636 0 0 1 A
6.588141015 0 0 2 A
6.622477197 0 0 3 A
6.622482730 0 0 0 A
6.647104408 0 0 1 A
6.835925946 0 0 2 A
6.875602180 0 0 3 A
6.875602555 0 0 0 A
0.000378439 8 8 0 I
0.039274579 8 8 1 I
0.224138302 8 8 2 I
0.279668023 8 8 3 I
0.279668607 8 8 0 I
0.309061148 8 8 1 I
0.766377662 8 8 2 I
0.809991532 8 8 3 I
0.809992127 8 8 0 I
0.832452437 8 8 1 I
1.144742425 8 8 2 I
1.158424893 8 8 3 I
1.158425499 8 8 0 I
1.207304252 8 8 1 I
1.542436688 8 8 2 I
1.606947266 8 8 3 I
1.606947662 8 8 0 I
1.630860692 8 8 1 I
1.980522272 8 8 2 I
2.016529359 8 8 3 I
2.016530340 8 8 0 I
2.070136816 8 8 1 I
2.449132644 8 8 2 I
2.491009044 8 8 3 I
2.491009496 8 8 0 I
2.542623899 8 8 1 I
2.891994060 8 8 2 I
2.947000594 8 8 3 I
2.947000946 8 8 0 I
2.982915279 8 8 1 I
3.239418140 8 8 2 I
3.283999202 8 8 3 I
3.283999565 8 8 0 I
3.330308522 8 8 1 I
3.671867364 8 8 2 I
3.714265828 8 8 3 I
3.714266104 8 8 0 I
3.756701349 8 8 1 I
4.108663694 8 8 2 I
4.135227932 8 8 3 I
4.135228241 8 8 0 I
4.158943540 8 8 1 I
4.518190066 8 8 2 I
4.549044785 8 8 3 I
4.549045082 8 8 0 I
4.593908027 8 8 1 I
4.970651041 8 8 2 I
4.991312450 8 8 3 I
4.991312802 8 8 0 I
5.012136914 8 8 1 I
5.327014948 8 8 2 I
5.357734936 8 8 3 I
5.357735277 8 8 0 I
5.419578899 8 8 1 I
5.777711651 8 8 2 I
5.806992023 8 8 3 I
5.806992299 8 8 0 I
5.837978004 8 8 1 I
6.026421193 8 8 2 I
6.045615089 8 8 3 I
6.045615464 8 8 0 I
6.095820404 8 8 1 I
6.295433150 8 8 2 I
6.327604424 8 8 3 I
6.327604942 8 8 0 I
6.345124576 8 8 1 I
6.540227889 8 8 2 I
6.588136094 8 8 3 I
6.588140040 8 8 0 I
6.637003819 8 8 1 I
6.801547773 8 8 2 I
6.835924316 8 8 3 I
6.835924657 8 8 0 I
6.868885516 8 8 1 I
6.946590600 8 8 2 I
6.976793909 8 8 3 I
6.976794504 8 8 0 I
0.000153126 3 3 0 D
0.014255250 3 3 1 D
0.015104539 3 3 2 D
0.064890479 3 3 3 D
0.064891096 3 3 0 D
0.129105322 3 3 1 D
0.479922352 3 3 2 D
0.517869963 3 3 3 D
0.517870492 3 3 0 D
0.561813600 3 3 1 D
0.906942937 3 3 2 D
0.949246467 3 3 3 D
0.949247062 3 3 0 D
0.992628368 3 3 1 D
1.290887936 3 3 2 D
1.337750704 3 3 3 D
1.337751090 3 3 0 D
1.382920440 3 3 1 D
1.739362444 3 3 2 D
1.780938026 3 3 3 D
1.780938368 3 3 0 D
1.801981710 3 3 1 D
2.170901387 3 3 2 D
2.215436327 3 3 3 D
2.215436723 3 3 0 D
2.233490707 3 3 1 D
2.618088257 3 3 2 D
2.639932053 3 3 3 D
2.639932384 3 3 0 D
2.665233275 3 3 1 D
3.069888598 3 3 2 D
3.105608425 3 3 3 D
3.105608789 3 3 0 D
3.152731336 3 3 1 D
3.415530466 3 3 2 D
3.463656593 3 3 3 D
3.463657055 3 3 0 D
3.487168525 3 3 1 D
3.865897022 3 3 2 D
3.915657057 3 3 3 D
3.915657575 3 3 0 D
3.940440301 3 3 1 D
4.286486053 3 3 2 D
4.339522308 3 3 3 D
4.339522638 3 3 0 D
4.361538987 3 3 1 D
4.694517859 3 3 2 D
4.761865106 3 3 3 D
4.761865425 3 3 0 D
4.804150605 3 3 1 D
5.101463366 3 3 2 D
5.144727529 3 3 3 D
5.144727805 3 3 0 D
5.189521131 3 3 1 D
5.604604080 3 3 2 D
5.629996095 3 3 3 D
5.629996558 3 3 0 D
5.673814259 3 3 1 D
5.889098584 3 3 2 D
5.932077099 3 3 3 D
5.932077463 3 3 0 D
5.970473391 3 3 1 D
6.178905010 3 3 2 D
6.208448003 3 3 3 D
6.208448366 3 3 0 D
6.250733810 3 3 1 D
6.441679838 3 3 2 D
6.487353547 3 3 3 D
6.487364293 3 3 0 D
6.520247369 3 3 1 D
6.654135744 3 3 2 D
6.702759753 3 3 3 D
6.702760139 3 3 0 D
6.715040528 3 3 1 D
6.875606195 3 3 2 D
6.892285291 3 3 3 D
6.892286250 3 3 0 D
6.905677466 3 3 1 D
6.976795554 3 3 2 D
7.002235759 3 3 3 D
7.002236145 3 3 0 D
7.032157534 3 3 1 D
7.083740140 3 3 2 D
7.111413166 3 3 3 D
7.111413431 3 3 0 D
7.153604770 3 3 1 D
7.175828370 3 3 2 D
7.204898030 3 3 3 D
7.204898416 3 3 0 D
7.251960654 3 3 1 D
7.287492577 3 3 2 D
7.336106962 3 3 3 D
7.336107326 3 3 0 D
0.000334674 7 7 0 H
0.015672770 7 7 1 H
0.065848495 7 7 2 H
0.086623430 7 7 3 H
0.086624091 7 7 0 H
0.137137671 7 7 1 H
0.518571709 7 7 2 H
0.588565054 7 7 3 H
0.588565749 7 7 0 H
0.619033026 7 7 1 H
0.949297803 7 7 2 H
0.992680053 7 7 3 H
0.992680648 7 7 0 H
1.035562883 7 7 1 H
1.337864728 7 7 2 H
1.393674534 7 7 3 H
1.393674776 7 7 0 H
1.447781542 7 7 1 H
1.780958878 7 7 2 H
1.801865261 7 7 3 H
1.801865867 7 7 0 H
1.823005035 7 7 1 H
2.215440019 7 7 2 H
2.267857219 7 7 3 H
2.267857605 7 7 0 H
2.311438535 7 7 1 H
2.639932769 7 7 2 H
2.674263692 7 7 3 H
2.674264529 7 7 0 H
2.702564666 7 7 1 H
3.108886695 7 7 2 H
3.140466331 7 7 3 H
3.140466738 7 7 0 H
3.165834903 7 7 1 H
3.463658599 7 7 2 H
3.526885168 7 7 3 H
3.526885686 7 7 0 H
3.578550187 7 7 1 H
3.927132845 7 7 2 H
3.952516702 7 7 3 H
3.952517066 7 7 0 H
3.987817894 7 7 1 H
4.339523077 7 7 2 H
4.359644509 7 7 3 H
4.359644927 7 7 0 H
4.380232462 7 7 1 H
4.761866530 7 7 2 H
4.804166500 7 7 3 H
4.804166886 7 7 0 H
4.849090787 7 7 1 H
5.146159215 7 7 2 H
5.209917555 7 7 3 H
5.209917919 7 7 0 H
5.250972397 7 7 1 H
5.631788876 7 7 2 H
5.657226133 7 7 3 H
5.657226519 7 7 0 H
5.707191418 7 7 1 H
5.932100338 7 7 2 H
5.970498702 7 7 3 H
5.970498978 7 7 0 H
5.987196902 7 7 1 H
6.208449586 7 7 2 H
6.247100290 7 7 3 H
6.247100643 7 7 0 H
6.274568395 7 7 1 H
6.487365293 7 7 2 H
6.508941314 7 7 3 H
6.508945282 7 7 0 H
6.533696488 7 7 1 H
6.702774390 7 7 2 H
6.751574230 7 7 3 H
6.751574506 7 7 0 H
6.783686820 7 7 1 H
6.892287320 7 7 2 H
6.905669883 7 7 3 H
6.905670115 7 7 0 H
6.947894328 7 7 1 H
7.002237473 7 7 2 H
7.032246285 7 7 3 H
7.032246682 7 7 0 H
7.058180883 7 7 1 H
7.111414556 7 7 2 H
7.130341935 7 7 3 H
7.130342089 7 7 0 H
7.175834322 7 7 1 H
7.205053579 7 7 2 H
7.246159611 7 7 3 H
7.246159985 7 7 0 H
7.265179399 7 7 1 H
7.336108478 7 7 2 H
7.348471990 7 7 3 H
7.348472309 7 7 0 H
0.000377094 6 6 0 G
0.023720405 6 6 1 G
0.149965153 6 6 2 G
0.176029740 6 6 3 G
0.176030357 6 6 0 G
0.199242807 6 6 1 G
0.610008138 6 6 2 G
0.662652749 6 6 3 G
0.662653300 6 6 0 G
0.692795399 6 6 1 G
1.035550121 6 6 2 G
1.068606422 6 6 3 G
1.068606973 6 6 0 G
1.097857605 6 6 1 G
1.447767113 6 6 2 G
1.469114986 6 6 3 G
1.469115515 6 6 0 G
1.509841245 6 6 1 G
1.844347604 6 6 2 G
1.891876529 6 6 3 G
1.891876848 6 6 0 G
1.938787736 6 6 1 G
2.310226909 6 6 2 G
2.362241847 6 6 3 G
2.362242189 6 6 0 G
2.403117870 6 6 1 G
2.731196612 6 6 2 G
2.793662393 6 6 3 G
2.793662746 6 6 0 G
2.860754334 6 6 1 G
3.161265339 6 6 2 G
3.204590284 6 6 3 G
3.204590669 6 6 0 G
3.250682011 6 6 1 G
3.561506595 6 6 2 G
3.573602019 6 6 3 G
3.573602449 6 6 0 G
3.620248369 6 6 1 G
3.988693806 6 6 2 G
4.043661796 6 6 3 G
4.043662126 6 6 0 G
4.093927354 6 6 1 G
4.392458612 6 6 2 G
4.452939229 6 6 3 G
4.452939593 6 6 0 G
4.495653358 6 6 1 G
4.849084593 6 6 2 G
4.905512245 6 6 3 G
4.905512620 6 6 0 G
4.970650454 6 6 1 G
5.250970365 6 6 2 G
5.294343684 6 6 3 G
5.294344037 6 6 0 G
5.341449763 6 6 1 G
5.686362943 6 6 2 G
5.740131771 6 6 3 G
5.740132113 6 6 0 G
5.780925427 6 6 1 G
5.989683909 6 6 2 G
6.026419670 6 6 3 G
6.026420155 6 6 0 G
6.042889565 6 6 1 G
6.247125586 6 6 2 G
6.295431552 6 6 3 G
6.295431926 6 6 0 G
6.327542830 6 6 1 G
6.508945684 6 6 2 G
6.540181778 6 6 3 G
6.540192688 6 6 0 G
6.571389354 6 6 1 G
6.751623450 6 6 2 G
6.801537800 6 6 3 G
6.801538240 6 6 0 G
6.848217198 6 6 1 G
6.905671505 6 6 2 G
6.946588880 6 6 3 G
6.946589475 6 6 0 G
6.982622262 6 6 1 G
7.032247212 6 6 2 G
7.083739059 6 6 3 G
7.083739500 6 6 0 G
7.130280546 6 6 1 G
7.130342308 6 6 2 G
7.175827651 6 6 3 G
7.175828114 6 6 0 G
7.188159475 6 6 1 G
7.246160969 6 6 2 G
7.287491855 6 6 3 G
7.287492164 6 6 0 G
7.336118000 6 6 1 G
7.348473529 6 6 2 G
7.373155846 6 6 3 G
7.373156243 6 6 0 G
-1 10 10 4 Local_Section;Entry_Protocol;Critical_Section;Exit_Protocol;MAX_TICKET=181;
