 0.017760742  23  23  0  X
 0.112771664  23  23  1  X
 1.102732036  23  23  2  X
 1.137919411  23  23  3  X
 1.137922023  23  23  0  X
 1.154758638  23  23  1  X
 2.028847982  23  23  2  X
 2.045934319  23  23  3  X
 2.045936226  23  23  0  X
 2.063598444  23  23  1  X
 2.952735215  23  23  2  X
 2.972759999  23  23  3  X
 2.972761729  23  23  0  X
 3.022754537  23  23  1  X
 3.918107748  23  23  2  X
 3.962741307  23  23  3  X
 3.962742728  23  23  0  X
 4.004616329  23  23  1  X
 4.950854971  23  23  2  X
 4.991810223  23  23  3  X
 4.991811865  23  23  0  X
 5.012737869  23  23  1  X
 5.856438998  23  23  2  X
 5.888845733  23  23  3  X
 5.888848268  23  23  0  X
 5.937617775  23  23  1  X
 6.881242775  23  23  2  X
 6.916384857  23  23  3  X
 6.916386642  23  23  0  X
 6.947890277  23  23  1  X
 7.812733566  23  23  2  X
 7.843189587  23  23  3  X
 7.843191472  23  23  0  X
 7.877245180  23  23  1  X
 8.687839229  23  23  2  X
 8.713052140  23  23  3  X
 8.713052614  23  23  0  X
 8.750618854  23  23  1  X
 9.752731965  23  23  2  X
 9.769701437  23  23  3  X
 9.769703586  23  23  0  X
 9.792770271  23  23  1  X
 10.889184910  23  23  2  X
 10.925238364  23  23  3  X
 10.925240237  23  23  0  X
 10.960758995  23  23  1  X
 11.952730999  23  23  2  X
 11.982825533  23  23  3  X
 11.982827230  23  23  0  X
 0.015789671  19  19  0  T
 0.070279891  19  19  1  T
 0.687280905  19  19  2  T
 0.712984812  19  19  3  T
 0.712987424  19  19  0  T
 0.733378150  19  19  1  T
 1.722398901  19  19  2  T
 1.759872635  19  19  3  T
 1.759874497  19  19  0  T
 1.783390506  19  19  1  T
 2.634992656  19  19  2  T
 2.683441488  19  19  3  T
 2.683443273  19  19  0  T
 2.698459864  19  19  1  T
 3.632728641  19  19  2  T
 3.668515521  19  19  3  T
 3.668516645  19  19  0  T
 3.713999462  19  19  1  T
 4.634148035  19  19  2  T
 4.662803109  19  19  3  T
 4.662805214  19  19  0  T
 4.679393983  19  19  1  T
 5.532734132  19  19  2  T
 5.562767192  19  19  3  T
 5.562768405  19  19  0  T
 5.606434178  19  19  1  T
 6.582729903  19  19  2  T
 6.632746045  19  19  3  T
 6.632748249  19  19  0  T
 6.660746659  19  19  1  T
 7.552742046  19  19  2  T
 7.588691220  19  19  3  T
 7.588692939  19  19  0  T
 7.631758776  19  19  1  T
 8.352747659  19  19  2  T
 8.364350008  19  19  3  T
 8.364351816  19  19  0  T
 8.411225700  19  19  1  T
 9.332732274  19  19  2  T
 9.351526882  19  19  3  T
 9.351528050  19  19  0  T
 9.362833080  19  19  1  T
 10.524658427  19  19  2  T
 10.551754726  19  19  3  T
 10.551756533  19  19  0  T
 10.581992280  19  19  1  T
 11.542726483  19  19  2  T
 11.559847786  19  19  3  T
 11.559848656  19  19  0  T
 11.584653787  19  19  1  T
 12.562722845  19  19  2  T
 12.573011822  19  19  3  T
 12.573012329  19  19  0  T
 0.016306046  20  20  0  U
 0.109801536  20  20  1  U
 1.052749976  20  20  2  U
 1.082792196  20  20  3  U
 1.082793717  20  20  0  U
 1.127479975  20  20  1  U
 1.985475467  20  20  2  U
 2.028845047  20  20  3  U
 2.028846601  20  20  0  U
 2.058594637  20  20  1  U
 2.912694240  20  20  2  U
 2.940822696  20  20  3  U
 2.940824217  20  20  0  U
 2.974216337  20  20  1  U
 3.885986111  20  20  2  U
 3.918104594  20  20  3  U
 3.918106589  20  20  0  U
 3.949656843  20  20  1  U
 4.932772471  20  20  2  U
 4.950851713  20  20  3  U
 4.950853344  20  20  0  U
 4.972973681  20  20  1  U
 5.835098982  20  20  2  U
 5.856435487  20  20  3  U
 5.856437559  20  20  0  U
 5.892970702  20  20  1  U
 6.862733147  20  20  2  U
 6.881239101  20  20  3  U
 6.881241294  20  20  0  U
 6.902802409  20  20  1  U
 7.783201112  20  20  2  U
 7.796817611  20  20  3  U
 7.796819507  20  20  0  U
 7.834176913  20  20  1  U
 8.592724922  20  20  2  U
 8.632822075  20  20  3  U
 8.632823773  20  20  0  U
 8.647041317  20  20  1  U
 9.662739612  20  20  2  U
 9.695387281  20  20  3  U
 9.695388725  20  20  0  U
 9.730747754  20  20  1  U
 10.802762362  20  20  2  U
 10.823381532  20  20  3  U
 10.823383329  20  20  0  U
 10.852746631  20  20  1  U
 11.852428433  20  20  2  U
 11.867096363  20  20  3  U
 11.867098468  20  20  0  U
 11.911484610  20  20  1  U
 12.837600472  20  20  2  U
 12.863158512  20  20  3  U
 12.863160209  20  20  0  U
 0.012598627  5  5  0  F
 0.032602849  5  5  1  F
 0.094724639  5  5  2  F
 0.118153829  5  5  3  F
 0.118154998  5  5  0  F
 0.153318639  5  5  1  F
 1.183489371  5  5  2  F
 1.201847864  5  5  3  F
 1.201850146  5  5  0  F
 1.213126357  5  5  1  F
 2.089027233  5  5  2  F
 2.110789866  5  5  3  F
 2.110791916  5  5  0  F
 2.139069180  5  5  1  F
 3.008338446  5  5  2  F
 3.039448640  5  5  3  F
 3.039450557  5  5  0  F
 3.072753173  5  5  1  F
 3.997314061  5  5  2  F
 4.022382840  5  5  3  F
 4.022385562  5  5  0  F
 4.048209576  5  5  1  F
 5.022584920  5  5  2  F
 5.065119284  5  5  3  F
 5.065121521  5  5  0  F
 5.090670162  5  5  1  F
 5.952815654  5  5  2  F
 6.002445606  5  5  3  F
 6.002447590  5  5  0  F
 6.037276851  5  5  1  F
 7.001155387  5  5  2  F
 7.018346849  5  5  3  F
 7.018348380  5  5  0  F
 7.035984506  5  5  1  F
 7.870040044  5  5  2  F
 7.889330210  5  5  3  F
 7.889332095  5  5  0  F
 7.907644311  5  5  1  F
 8.722735752  5  5  2  F
 8.772314310  5  5  3  F
 8.772316107  5  5  0  F
 8.818894805  5  5  1  F
 9.822743592  5  5  2  F
 9.863246783  5  5  3  F
 9.863248546  5  5  0  F
 9.903571942  5  5  1  F
 10.953274722  5  5  2  F
 10.976085257  5  5  3  F
 10.976086866  5  5  0  F
 11.024420130  5  5  1  F
 12.042641059  5  5  2  F
 12.085930197  5  5  3  F
 12.085931718  5  5  0  F
 12.117827546  5  5  1  F
 12.995291618  5  5  2  F
 13.042209562  5  5  3  F
 13.042211127  5  5  0  F
 0.017239505  21  21  0  V
 0.034128704  21  21  1  V
 0.192786848  21  21  2  V
 0.233533900  21  21  3  V
 0.233536545  21  21  0  V
 0.252948214  21  21  1  V
 1.252753286  21  21  2  V
 1.285639735  21  21  3  V
 1.285640562  21  21  0  V
 1.304100469  21  21  1  V
 2.242733405  21  21  2  V
 2.266408215  21  21  3  V
 2.266409968  21  21  0  V
 2.286760089  21  21  1  V
 3.142730384  21  21  2  V
 3.188090376  21  21  3  V
 3.188092139  21  21  0  V
 3.229108551  21  21  1  V
 4.174385037  21  21  2  V
 4.202823347  21  21  3  V
 4.202825243  21  21  0  V
 4.240069332  21  21  1  V
 5.152734561  21  21  2  V
 5.183499231  21  21  3  V
 5.183501127  21  21  0  V
 5.196589861  21  21  1  V
 6.082738516  21  21  2  V
 6.124124050  21  21  3  V
 6.124125791  21  21  0  V
 6.158804090  21  21  1  V
 7.117695094  21  21  2  V
 7.151286309  21  21  3  V
 7.151288238  21  21  0  V
 7.187748162  21  21  1  V
 7.982730081  21  21  2  V
 7.999438702  21  21  3  V
 7.999440444  21  21  0  V
 8.027090574  21  21  1  V
 8.862879075  21  21  2  V
 8.888923345  21  21  3  V
 8.888925605  21  21  0  V
 8.924539459  21  21  1  V
 9.940218086  21  21  2  V
 9.988676110  21  21  3  V
 9.988677873  21  21  0  V
 10.033566740  21  21  1  V
 11.102738593  21  21  2  V
 11.134661283  21  21  3  V
 11.134663520  21  21  0  V
 11.166063309  21  21  1  V
 12.152732470  21  21  2  V
 12.167055863  21  21  3  V
 12.167057583  21  21  0  V
 12.205077484  21  21  1  V
 13.126927934  21  21  2  V
 13.170713962  21  21  3  V
 13.170715681  21  21  0  V
 0.013714152  9  9  0  J
 0.093247239  9  9  1  J
 0.923866002  9  9  2  J
 0.966519427  9  9  3  J
 0.966521698  9  9  0  J
 0.989275922  9  9  1  J
 1.923161365  9  9  2  J
 1.953372920  9  9  3  J
 1.953374871  9  9  0  J
 1.992114838  9  9  1  J
 2.852720949  9  9  2  J
 2.865888492  9  9  3  J
 2.865890508  9  9  0  J
 2.892128647  9  9  1  J
 3.843818468  9  9  2  J
 3.872687921  9  9  3  J
 3.872688516  9  9  0  J
 3.910402324  9  9  1  J
 4.890970569  9  9  2  J
 4.917525775  9  9  3  J
 4.917527781  9  9  0  J
 4.963156524  9  9  1  J
 5.792735935  9  9  2  J
 5.835096224  9  9  3  J
 5.835098263  9  9  0  J
 5.876382727  9  9  1  J
 6.802724640  9  9  2  J
 6.842753598  9  9  3  J
 6.842755328  9  9  0  J
 6.888263816  9  9  1  J
 7.732729531  9  9  2  J
 7.778862968  9  9  3  J
 7.778864753  9  9  0  J
 7.802746458  9  9  1  J
 8.563041000  9  9  2  J
 8.591292518  9  9  3  J
 8.591294733  9  9  0  J
 8.615531874  9  9  1  J
 9.612734172  9  9  2  J
 9.642749723  9  9  3  J
 9.642751773  9  9  0  J
 9.691238640  9  9  1  J
 10.772651429  9  9  2  J
 10.786890031  9  9  3  J
 10.786891894  9  9  0  J
 10.825557968  9  9  1  J
 11.802734250  9  9  2  J
 11.832743737  9  9  3  J
 11.832745555  9  9  0  J
 11.871302908  9  9  1  J
 12.796179943  9  9  2  J
 12.837583114  9  9  3  J
 12.837585208  9  9  0  J
 12.876872097  9  9  1  J
 13.702831330  9  9  2  J
 13.729832355  9  9  3  J
 13.729834251  9  9  0  J
 0.011688374  1  1  0  B
 0.045763384  1  1  1  B
 0.382746485  1  1  2  B
 0.425543424  1  1  3  B
 0.425546433  1  1  0  B
 0.469845611  1  1  1  B
 1.395733056  1  1  2  B
 1.414382209  1  1  3  B
 1.414384358  1  1  0  B
 1.442747817  1  1  1  B
 2.412944044  1  1  2  B
 2.428384388  1  1  3  B
 2.428386317  1  1  0  B
 2.461883057  1  1  1  B
 3.302714925  1  1  2  B
 3.339670372  1  1  3  B
 3.339671110  1  1  0  B
 3.389660970  1  1  1  B
 4.412734919  1  1  2  B
 4.424420236  1  1  3  B
 4.424421977  1  1  0  B
 4.460742804  1  1  1  B
 5.302750402  1  1  2  B
 5.329106901  1  1  3  B
 5.329108212  1  1  0  B
 5.343646394  1  1  1  B
 6.302641188  1  1  2  B
 6.335406815  1  1  3  B
 6.335409074  1  1  0  B
 6.375412193  1  1  1  B
 7.262747140  1  1  2  B
 7.302743288  1  1  3  B
 7.302744919  1  1  0  B
 7.335211160  1  1  1  B
 8.092726098  1  1  2  B
 8.122738344  1  1  3  B
 8.122740317  1  1  0  B
 8.149908025  1  1  1  B
 9.002733510  1  1  2  B
 9.037244721  1  1  3  B
 9.037246462  1  1  0  B
 9.048298793  1  1  1  B
 10.139743009  1  1  2  B
 10.189618747  1  1  3  B
 10.189620665  1  1  0  B
 10.220059444  1  1  1  B
 11.292763329  1  1  2  B
 11.332033569  1  1  3  B
 11.332035376  1  1  0  B
 11.350949749  1  1  1  B
 12.273761083  1  1  2  B
 12.307804543  1  1  3  B
 12.307806395  1  1  0  B
 12.344812474  1  1  1  B
 13.322734412  1  1  2  B
 13.335566474  1  1  3  B
 13.335568150  1  1  0  B
 13.354998172  1  1  1  B
 14.100342679  1  1  2  B
 14.133573149  1  1  3  B
 14.133575044  1  1  0  B
 0.012468032  4  4  0  E
 0.062071430  4  4  1  E
 0.627457278  4  4  2  E
 0.642253647  4  4  3  E
 0.642256193  4  4  0  E
 0.655838736  4  4  1  E
 1.572688767  4  4  2  E
 1.621333024  4  4  3  E
 1.621334644  4  4  0  E
 1.641992381  4  4  1  E
 2.521187703  4  4  2  E
 2.552758675  4  4  3  E
 2.552760560  4  4  0  E
 2.566890181  4  4  1  E
 3.509140569  4  4  2  E
 3.538185477  4  4  3  E
 3.538187394  4  4  0  E
 3.559240867  4  4  1  E
 4.522746603  4  4  2  E
 4.535273653  4  4  3  E
 4.535275725  4  4  0  E
 4.549840566  4  4  1  E
 5.422734242  4  4  2  E
 5.462736819  4  4  3  E
 5.462738043  4  4  0  E
 5.499385959  4  4  1  E
 6.425373841  4  4  2  E
 6.470826991  4  4  3  E
 6.470828898  4  4  0  E
 6.515972073  4  4  1  E
 7.412734363  4  4  2  E
 7.464884891  4  4  3  E
 7.464886765  4  4  0  E
 7.482353501  4  4  1  E
 8.262736176  4  4  2  E
 8.303125002  4  4  3  E
 8.303126985  4  4  0  E
 8.331415336  4  4  1  E
 9.192743187  4  4  2  E
 9.210245152  4  4  3  E
 9.210246783  4  4  0  E
 9.258039327  4  4  1  E
 10.310142070  4  4  2  E
 10.360264736  4  4  3  E
 10.360266730  4  4  0  E
 10.404994738  4  4  1  E
 11.448620319  4  4  2  E
 11.481841686  4  4  3  E
 11.481843372  4  4  0  E
 11.493469277  4  4  1  E
 12.472783304  4  4  2  E
 12.515650002  4  4  3  E
 12.515651809  4  4  0  E
 12.564305624  4  4  1  E
 13.434207584  4  4  2  E
 13.445422400  4  4  3  E
 13.445424439  4  4  0  E
 13.461896312  4  4  1  E
 14.211597197  4  4  2  E
 14.250576464  4  4  3  E
 14.250578073  4  4  0  E
 0.012210424  3  3  0  D
 0.082843170  3  3  1  D
 0.792754229  3  3  2  D
 0.814143596  3  3  3  D
 0.814145933  3  3  0  D
 0.857904785  3  3  1  D
 1.807797996  3  3  2  D
 1.851943514  3  3  3  D
 1.851945365  3  3  0  D
 1.892396460  3  3  1  D
 2.731189240  3  3  2  D
 2.772728374  3  3  3  D
 2.772730854  3  3  0  D
 2.792749230  3  3  1  D
 3.702723185  3  3  2  D
 3.745378221  3  3  3  D
 3.745379918  3  3  0  D
 3.793796487  3  3  1  D
 4.722733485  3  3  2  D
 4.752101749  3  3  3  D
 4.752103865  3  3  0  D
 4.775172037  3  3  1  D
 5.652731225  3  3  2  D
 5.684404153  3  3  3  D
 5.684405972  3  3  0  D
 5.730330673  3  3  1  D
 6.692654298  3  3  2  D
 6.706340193  3  3  3  D
 6.706340821  3  3  0  D
 6.755013596  3  3  1  D
 7.611797619  3  3  2  D
 7.641215929  3  3  3  D
 7.641218023  3  3  0  D
 7.674366240  3  3  1  D
 8.412726626  3  3  2  D
 8.432745467  3  3  3  D
 8.432747120  3  3  0  D
 8.451009279  3  3  1  D
 9.352720739  3  3  2  D
 9.377161214  3  3  3  D
 9.377162603  3  3  0  D
 9.398429174  3  3  1  D
 10.552727861  3  3  2  D
 10.600775896  3  3  3  D
 10.600777770  3  3  0  D
 10.622727518  3  3  1  D
 11.592731865  3  3  2  D
 11.604774157  3  3  3  D
 11.604775744  3  3  0  D
 11.640221998  3  3  1  D
 12.573012924  3  3  2  D
 12.587798740  3  3  3  D
 12.587800195  3  3  0  D
 12.607301958  3  3  1  D
 13.530317117  3  3  2  D
 13.546312195  3  3  3  D
 13.546313937  3  3  0  D
 13.591114110  3  3  1  D
 14.380335418  3  3  2  D
 14.397723421  3  3  3  D
 14.397725074  3  3  0  D
 0.015182999  16  16  0  Q
 0.032423526  16  16  1  Q
 0.032427847  16  16  2  Q
 0.093174122  16  16  3  Q
 0.093175125  16  16  0  Q
 0.117920235  16  16  1  Q
 1.142751625  16  16  2  Q
 1.169273884  16  16  3  Q
 1.169275934  16  16  0  Q
 1.184500246  16  16  1  Q
 2.062729301  16  16  2  Q
 2.089024196  16  16  3  Q
 2.089025739  16  16  0  Q
 2.121811317  16  16  1  Q
 2.982724192  16  16  2  Q
 3.008334823  16  16  3  Q
 3.008336785  16  16  0  Q
 3.052746929  16  16  1  Q
 3.962743890  16  16  2  Q
 3.997310763  16  16  3  Q
 3.997312703  16  16  0  Q
 4.025280621  16  16  1  Q
 4.992673699  16  16  2  Q
 5.022581298  16  16  3  Q
 5.022583182  16  16  0  Q
 5.048116238  16  16  1  Q
 5.892977171  16  16  2  Q
 5.938475398  16  16  3  Q
 5.938475464  16  16  0  Q
 5.975776209  16  16  1  Q
 6.942736285  16  16  2  Q
 6.987786508  16  16  3  Q
 6.987788348  16  16  0  Q
 7.020470872  16  16  1  Q
 7.843192680  16  16  2  Q
 7.858451204  16  16  3  Q
 7.858452582  16  16  0  Q
 7.877116110  16  16  1  Q
 8.642732360  16  16  2  Q
 8.687836047  16  16  3  Q
 8.687837535  16  16  0  Q
 8.708741681  16  16  1  Q
 9.700110921  16  16  2  Q
 9.748097823  16  16  3  Q
 9.748099344  16  16  0  Q
 9.774627151  16  16  1  Q
 10.842732755  16  16  2  Q
 10.889182345  16  16  3  Q
 10.889184296  16  16  0  Q
 10.936750020  16  16  1  Q
 11.867120279  16  16  2  Q
 11.913838329  16  16  3  Q
 11.913839244  16  16  0  Q
 11.931141572  16  16  1  Q
 12.898198425  16  16  2  Q
 12.936929623  16  16  3  Q
 12.936931585  16  16  0  Q
 12.972758584  16  16  1  Q
 13.738272394  16  16  2  Q
 13.787637336  16  16  3  Q
 13.787639055  16  16  0  Q
 13.818806862  16  16  1  Q
 14.552286385  16  16  2  Q
 14.592428998  16  16  3  Q
 14.592429549  16  16  0  Q
 0.018018726  24  24  0  Y
 0.122753860  24  24  1  Y
 1.169278775  24  24  2  Y
 1.183484610  24  24  3  Y
 1.183486957  24  24  0  Y
 1.230776106  24  24  1  Y
 2.123264150  24  24  2  Y
 2.143141939  24  24  3  Y
 2.143142909  24  24  0  Y
 2.181709477  24  24  1  Y
 3.044777763  24  24  2  Y
 3.063454865  24  24  3  Y
 3.063456673  24  24  0  Y
 3.078343514  24  24  1  Y
 4.036089926  24  24  2  Y
 4.073891350  24  24  3  Y
 4.073893014  24  24  0  Y
 4.111259032  24  24  1  Y
 5.069349734  24  24  2  Y
 5.084913098  24  24  3  Y
 5.084914630  24  24  0  Y
 5.103743017  24  24  1  Y
 6.002796032  24  24  2  Y
 6.015021597  24  24  3  Y
 6.015023261  24  24  0  Y
 6.041314773  24  24  1  Y
 7.018350155  24  24  2  Y
 7.042422658  24  24  3  Y
 7.042424289  24  24  0  Y
 7.088605684  24  24  1  Y
 7.902724655  24  24  2  Y
 7.919468577  24  24  3  Y
 7.919470572  24  24  0  Y
 7.934790845  24  24  1  Y
 8.772331128  24  24  2  Y
 8.791326054  24  24  3  Y
 8.791327850  24  24  0  Y
 8.802831129  24  24  1  Y
 9.770060688  24  24  2  Y
 9.808202559  24  24  3  Y
 9.808204631  24  24  0  Y
 9.845197305  24  24  1  Y
 10.925242125  24  24  2  Y
 10.951202917  24  24  3  Y
 10.951204868  24  24  0  Y
 10.992050796  24  24  1  Y
 11.984787075  24  24  2  Y
 12.030921046  24  24  3  Y
 12.030923129  24  24  0  Y
 12.059915189  24  24  1  Y
 12.936933411  24  24  2  Y
 12.979169878  24  24  3  Y
 12.979172237  24  24  0  Y
 12.996750488  24  24  1  Y
 13.792768949  24  24  2  Y
 13.839048793  24  24  3  Y
 13.839112472  24  24  0  Y
 13.861424692  24  24  1  Y
 14.593733769  24  24  2  Y
 14.637258535  24  24  3  Y
 14.637260354  24  24  0  Y
 0.013508449  8  8  0  I
 0.042509872  8  8  1  I
 0.276869765  8  8  2  I
 0.322188318  8  8  3  I
 0.322191151  8  8  0  I
 0.355675789  8  8  1  I
 1.312674455  8  8  2  I
 1.343333405  8  8  3  I
 1.343335399  8  8  0  I
 1.367809904  8  8  1  I
 2.325535664  8  8  2  I
 2.367690059  8  8  3  I
 2.367691701  8  8  0  I
 2.380471705  8  8  1  I
 3.223382629  8  8  2  I
 3.273184759  8  8  3  I
 3.273186776  8  8  0  I
 3.304871409  8  8  1  I
 4.273133358  8  8  2  I
 4.316849666  8  8  3  I
 4.316851231  8  8  0  I
 4.349104136  8  8  1  I
 5.222767594  8  8  2  I
 5.256645866  8  8  3  I
 5.256647619  8  8  0  I
 5.289298538  8  8  1  I
 6.182745375  8  8  2  I
 6.211499922  8  8  3  I
 6.211500737  8  8  0  I
 6.222825176  8  8  1  I
 7.212585805  8  8  2  I
 7.232244629  8  8  3  I
 7.232246557  8  8  0  I
 7.250612071  8  8  1  I
 8.049688946  8  8  2  I
 8.062948435  8  8  3  I
 8.062949262  8  8  0  I
 8.076403837  8  8  1  I
 8.928323893  8  8  2  I
 8.947723142  8  8  3  I
 8.947723715  8  8  0  I
 8.966272921  8  8  1  I
 10.038577255  8  8  2  I
 10.101951598  8  8  3  I
 10.101953483  8  8  0  I
 10.146268782  8  8  1  I
 11.200228703  8  8  2  I
 11.232663439  8  8  3  I
 11.232948932  8  8  0  I
 11.252960912  8  8  1  I
 12.184025801  8  8  2  I
 12.227587104  8  8  3  I
 12.227588537  8  8  0  I
 12.259732796  8  8  1  I
 13.213250984  8  8  2  I
 13.262747724  8  8  3  I
 13.262748958  8  8  0  I
 13.287321034  8  8  1  I
 14.013401162  8  8  2  I
 14.047148027  8  8  3  I
 14.047149769  8  8  0  I
 14.094088277  8  8  1  I
 14.775841883  8  8  2  I
 14.808048018  8  8  3  I
 14.808049671  8  8  0  I
 0.014119945  11  11  0  L
 0.051377827  11  11  1  L
 0.493091709  11  11  2  L
 0.527347829  11  11  3  L
 0.527350485  11  11  0  L
 0.547945785  11  11  1  L
 1.472732979  11  11  2  L
 1.510126782  11  11  3  L
 1.510128666  11  11  0  L
 1.530097862  11  11  1  L
 2.462726233  11  11  2  L
 2.493279216  11  11  3  L
 2.493280979  11  11  0  L
 2.526428259  11  11  1  L
 3.432731716  11  11  2  L
 3.452746479  11  11  3  L
 3.452747151  11  11  0  L
 3.489596527  11  11  1  L
 4.482726735  11  11  2  L
 4.502247809  11  11  3  L
 4.502249661  11  11  0  L
 4.522732034  11  11  1  L
 5.362886095  11  11  2  L
 5.391030302  11  11  3  L
 5.391030886  11  11  0  L
 5.402838332  11  11  1  L
 6.356216137  11  11  2  L
 6.392795354  11  11  3  L
 6.392797106  11  11  0  L
 6.414347413  11  11  1  L
 7.342761688  11  11  2  L
 7.367476370  11  11  3  L
 7.367478365  11  11  0  L
 7.402390365  11  11  1  L
 8.182804382  11  11  2  L
 8.202740786  11  11  3  L
 8.202742208  11  11  0  L
 8.231759222  11  11  1  L
 9.090039445  11  11  2  L
 9.131977920  11  11  3  L
 9.131979749  11  11  0  L
 9.177498131  11  11  1  L
 10.243237489  11  11  2  L
 10.260392628  11  11  3  L
 10.260394524  11  11  0  L
 10.272835569  11  11  1  L
 11.382738427  11  11  2  L
 11.399968601  11  11  3  L
 11.399969758  11  11  0  L
 11.416709833  11  11  1  L
 12.372728340  11  11  2  L
 12.401487513  11  11  3  L
 12.401489067  11  11  0  L
 12.422009228  11  11  1  L
 13.392728387  11  11  2  L
 13.415942929  11  11  3  L
 13.415944692  11  11  0  L
 13.457463971  11  11  1  L
 14.184792896  11  11  2  L
 14.211593146  11  11  3  L
 14.211595394  11  11  0  L
 14.229398973  11  11  1  L
 14.871151881  11  11  2  L
 14.910632792  11  11  3  L
 14.910634533  11  11  0  L
 0.014369287  12  12  0  M
 0.060190242  12  12  1  M
 0.582759846  12  12  2  M
 0.616054251  12  12  3  M
 0.616056929  12  12  0  M
 0.659437505  12  12  1  M
 1.662711068  12  12  2  M
 1.684135823  12  12  3  M
 1.684137575  12  12  0  M
 1.720852550  12  12  1  M
 2.562682731  12  12  2  M
 2.578399287  12  12  3  M
 2.578401183  12  12  0  M
 2.617796771  12  12  1  M
 3.538188108  12  12  2  M
 3.580656152  12  12  3  M
 3.580658389  12  12  0  M
 3.630148846  12  12  1  M
 4.542499737  12  12  2  M
 4.586000997  12  12  3  M
 4.586002838  12  12  0  M
 4.609961560  12  12  1  M
 5.468321837  12  12  2  M
 5.491112300  12  12  3  M
 5.491113810  12  12  0  M
 5.504087156  12  12  1  M
 6.472668810  12  12  2  M
 6.507090364  12  12  3  M
 6.507092689  12  12  0  M
 6.531342675  12  12  1  M
 7.464888080  12  12  2  M
 7.485964973  12  12  3  M
 7.485966891  12  12  0  M
 7.530409587  12  12  1  M
 8.303128441  12  12  2  M
 8.319759640  12  12  3  M
 8.319761470  12  12  0  M
 8.344653934  12  12  1  M
 9.232729115  12  12  2  M
 9.271184891  12  12  3  M
 9.271186599  12  12  0  M
 9.292758771  12  12  1  M
 10.401132161  12  12  2  M
 10.440541815  12  12  3  M
 10.440543656  12  12  0  M
 10.459825838  12  12  1  M
 11.482731701  12  12  2  M
 11.500706380  12  12  3  M
 11.500707802  12  12  0  M
 11.549239475  12  12  1  M
 12.515653523  12  12  2  M
 12.539342953  12  12  3  M
 12.539344496  12  12  0  M
 12.571277236  12  12  1  M
 13.462725681  12  12  2  M
 13.489092875  12  12  3  M
 13.489097614  12  12  0  M
 13.503126688  12  12  1  M
 14.302741091  12  12  2  M
 14.342741020  12  12  3  M
 14.342742872  12  12  0  M
 14.387205002  12  12  1  M
 14.981442250  12  12  2  M
 15.020913342  12  12  3  M
 15.020915359  12  12  0  M
 0.015589076  18  18  0  S
 0.094825150  18  18  1  S
 0.992749935  18  18  2  S
 1.035936881  18  18  3  S
 1.035939207  18  18  0  S
 1.081480252  18  18  1  S
 1.962731899  18  18  2  S
 1.985138257  18  18  3  S
 1.985139955  18  18  0  S
 2.022756274  18  18  1  S
 2.872729897  18  18  2  S
 2.889046715  18  18  3  S
 2.889048644  18  18  0  S
 2.922749489  18  18  1  S
 3.872724770  18  18  2  S
 3.885983194  18  18  3  S
 3.885984979  18  18  0  S
 3.897331358  18  18  1  S
 4.872730658  18  18  2  S
 4.890968800  18  18  3  S
 4.890969362  18  18  0  S
 4.926114354  18  18  1  S
 5.762733348  18  18  2  S
 5.786237112  18  18  3  S
 5.786237818  18  18  0  S
 5.812755534  18  18  1  S
 6.772732409  18  18  2  S
 6.786327293  18  18  3  S
 6.786329541  18  18  0  S
 6.806674526  18  18  1  S
 7.682726472  18  18  2  S
 7.722743660  18  18  3  S
 7.722744344  18  18  0  S
 7.742891105  18  18  1  S
 8.512725276  18  18  2  S
 8.546468708  18  18  3  S
 8.546470064  18  18  0  S
 8.566455230  18  18  1  S
 9.572923650  18  18  2  S
 9.602423636  18  18  3  S
 9.602425389  18  18  0  S
 9.643096694  18  18  1  S
 10.721736182  18  18  2  S
 10.756484022  18  18  3  S
 10.756485785  18  18  0  S
 10.780533832  18  18  1  S
 11.773090784  18  18  2  S
 11.792976124  18  18  3  S
 11.792977833  18  18  0  S
 11.806214527  18  18  1  S
 12.752764080  18  18  2  S
 12.795826203  18  18  3  S
 12.795827679  18  18  0  S
 12.825908846  18  18  1  S
 13.668681763  18  18  2  S
 13.699950613  18  18  3  S
 13.699952486  18  18  0  S
 13.734281767  18  18  1  S
 14.522913709  18  18  2  S
 14.552283086  18  18  3  S
 14.552284894  18  18  0  S
 14.590215548  18  18  1  S
 15.174539288  18  18  2  S
 15.208800256  18  18  3  S
 15.208802130  18  18  0  S
 0.014568334  13  13  0  N
 0.082843118  13  13  1  N
 0.832747753  13  13  2  N
 0.875999220  13  13  3  N
 0.876001667  13  13  0  N
 0.921961194  13  13  1  N
 1.851947180  13  13  2  N
 1.873344603  13  13  3  N
 1.873346841  13  13  0  N
 1.892643058  13  13  1  N
 2.772732179  13  13  2  N
 2.813507518  13  13  3  N
 2.813509249  13  13  0  N
 2.837337472  13  13  1  N
 3.764570121  13  13  2  N
 3.784062743  13  13  3  N
 3.784064517  13  13  0  N
 3.804356952  13  13  1  N
 4.762730538  13  13  2  N
 4.801109180  13  13  3  N
 4.801111396  13  13  0  N
 4.819688961  13  13  1  N
 5.686486267  13  13  2  N
 5.730631210  13  13  3  N
 5.730631948  13  13  0  N
 5.775602345  13  13  1  N
 6.712728273  13  13  2  N
 6.733265143  13  13  3  N
 6.733266785  13  13  0  N
 6.768088245  13  13  1  N
 7.642730990  13  13  2  N
 7.662781629  13  13  3  N
 7.662783569  13  13  0  N
 7.713676776  13  13  1  N
 8.452804732  13  13  2  N
 8.485332645  13  13  3  N
 8.485334761  13  13  0  N
 8.534728202  13  13  1  N
 9.475865518  13  13  2  N
 9.523630693  13  13  3  N
 9.523632468  13  13  0  N
 9.548653481  13  13  1  N
 10.632752619  13  13  2  N
 10.665110976  13  13  3  N
 10.665112982  13  13  0  N
 10.679339709  13  13  1  N
 11.644118878  13  13  2  N
 11.676163336  13  13  3  N
 11.676164956  13  13  0  N
 11.702384513  13  13  1  N
 12.629324368  13  13  2  N
 12.663703855  13  13  3  N
 12.663705905  13  13  0  N
 12.693862388  13  13  1  N
 13.582500885  13  13  2  N
 13.624735218  13  13  3  N
 13.624737113  13  13  0  N
 13.643986960  13  13  1  N
 14.435567169  13  13  2  N
 14.471091550  13  13  3  N
 14.471243317  13  13  0  N
 14.501955320  13  13  1  N
 15.108759383  13  13  2  N
 15.138308369  13  13  3  N
 15.138310111  13  13  0  N
 15.173293167  13  13  1  N
 15.480137138  13  13  2  N
 15.498401305  13  13  3  N
 15.498403157  13  13  0  N
 0.013033805  6  6  0  G
 0.092935719  6  6  1  G
 0.887302356  6  6  2  G
 0.923863542  6  6  3  G
 0.923864721  6  6  0  G
 0.962191188  6  6  1  G
 1.882725809  6  6  2  G
 1.914083529  6  6  3  G
 1.914085546  6  6  0  G
 1.927440029  6  6  1  G
 2.822727982  6  6  2  G
 2.852684775  6  6  3  G
 2.852686472  6  6  0  G
 2.878095376  6  6  1  G
 3.812734727  6  6  2  G
 3.843814910  6  6  3  G
 3.843816718  6  6  0  G
 3.872259372  6  6  1  G
 4.832736963  6  6  2  G
 4.862719612  6  6  3  G
 4.862721298  6  6  0  G
 4.889497305  6  6  1  G
 5.730633139  6  6  2  G
 5.762729957  6  6  3  G
 5.762731665  6  6  0  G
 5.782079923  6  6  1  G
 6.733596724  6  6  2  G
 6.764800211  6  6  3  G
 6.764801985  6  6  0  G
 6.802759316  6  6  1  G
 7.662784762  6  6  2  G
 7.674366222  6  6  3  G
 7.674368106  6  6  0  G
 7.717190399  6  6  1  G
 8.492734307  6  6  2  G
 8.511491322  6  6  3  G
 8.511493306  6  6  0  G
 8.560390541  6  6  1  G
 9.523633930  6  6  2  G
 9.572920241  6  6  3  G
 9.572921927  6  6  0  G
 9.608853765  6  6  1  G
 10.682709604  6  6  2  G
 10.721717083  6  6  3  G
 10.721718967  6  6  0  G
 10.734364029  6  6  1  G
 11.692755168  6  6  2  G
 11.741173672  6  6  3  G
 11.741175556  6  6  0  G
 11.754105645  6  6  1  G
 12.682745912  6  6  2  G
 12.722065879  6  6  3  G
 12.722067852  6  6  0  G
 12.734923886  6  6  1  G
 13.632734416  6  6  2  G
 13.668679043  6  6  3  G
 13.668680917  6  6  0  G
 13.700367732  6  6  1  G
 14.475519746  6  6  2  G
 14.507845878  6  6  3  G
 14.507846506  6  6  0  G
 14.536520594  6  6  1  G
 15.138311977  6  6  2  G
 15.173694037  6  6  3  G
 15.173695216  6  6  0  G
 15.216933125  6  6  1  G
 15.498620484  6  6  2  G
 15.547047331  6  6  3  G
 15.547049767  6  6  0  G
 0.014772809  14  14  0  O
 0.039961173  14  14  1  O
 0.235291574  14  14  2  O
 0.276840273  14  14  3  O
 0.276843083  14  14  0  O
 0.325127232  14  14  1  O
 1.292754833  14  14  2  O
 1.311264647  14  14  3  O
 1.311266432  14  14  0  O
 1.335958028  14  14  1  O
 2.282745669  14  14  2  O
 2.306879349  14  14  3  O
 2.306881112  14  14  0  O
 2.331176347  14  14  1  O
 3.188093932  14  14  2  O
 3.205630891  14  14  3  O
 3.205632621  14  14  0  O
 3.233123394  14  14  1  O
 4.212740173  14  14  2  O
 4.258312389  14  14  3  O
 4.258314197  14  14  0  O
 4.282170413  14  14  1  O
 5.202726768  14  14  2  O
 5.215210684  14  14  3  O
 5.215212371  14  14  0  O
 5.229829448  14  14  1  O
 6.124127034  14  14  2  O
 6.163889151  14  14  3  O
 6.163890893  14  14  0  O
 6.205615025  14  14  1  O
 7.151289854  14  14  2  O
 7.192280871  14  14  3  O
 7.192282899  14  14  0  O
 7.213513998  14  14  1  O
 8.002728287  14  14  2  O
 8.049082042  14  14  3  O
 8.049083883  14  14  0  O
 8.061837555  14  14  1  O
 8.902731162  14  14  2  O
 8.928321821  14  14  3  O
 8.928322350  14  14  0  O
 8.946543973  14  14  1  O
 9.988678656  14  14  2  O
 10.038574715  14  14  3  O
 10.038575729  14  14  0  O
 10.073291812  14  14  1  O
 11.152732628  14  14  2  O
 11.200224772  14  14  3  O
 11.200226568  14  14  0  O
 11.215953672  14  14  1  O
 12.172733573  14  14  2  O
 12.184022663  14  14  3  O
 12.184024316  14  14  0  O
 12.215484507  14  14  1  O
 13.182738424  14  14  2  O
 13.213106430  14  14  3  O
 13.213108436  14  14  0  O
 13.257367696  14  14  1  O
 13.946867013  14  14  2  O
 13.995243292  14  14  3  O
 13.995244912  14  14  0  O
 14.035450322  14  14  1  O
 14.727348253  14  14  2  O
 14.771684733  14  14  3  O
 14.771686750  14  14  0  O
 14.811279408  14  14  1  O
 15.258351659  14  14  2  O
 15.287232046  14  14  3  O
 15.287233016  14  14  0  O
 15.311341037  14  14  1  O
 15.641222382  14  14  2  O
 15.681002272  14  14  3  O
 15.681005083  14  14  0  O
 15.692858779  14  14  1  O
 15.901042839  14  14  2  O
 15.930623304  14  14  3  O
 15.930625332  14  14  0  O
 0.013288635  7  7  0  H
 0.055692814  7  7  1  H
 0.552751913  7  7  2  H
 0.581368554  7  7  3  H
 0.581371518  7  7  0  H
 0.616650197  7  7  1  H
 1.522729541  7  7  2  H
 1.565257055  7  7  3  H
 1.565259149  7  7  0  H
 1.611066266  7  7  1  H
 2.493282428  7  7  2  H
 2.521184400  7  7  3  H
 2.521186031  7  7  0  H
 2.533308776  7  7  1  H
 3.462731002  7  7  2  H
 3.509136836  7  7  3  H
 3.509138599  7  7  0  H
 3.554695996  7  7  1  H
 4.502723505  7  7  2  H
 4.518054614  7  7  3  H
 4.518056311  7  7  0  H
 4.542937997  7  7  1  H
 5.392730991  7  7  2  H
 5.414014677  7  7  3  H
 5.414016495  7  7  0  H
 5.457112046  7  7  1  H
 6.412730209  7  7  2  H
 6.425370444  7  7  3  H
 6.425372240  7  7  0  H
 6.451102284  7  7  1  H
 7.367479746  7  7  2  H
 7.406973902  7  7  3  H
 7.406975070  7  7  0  H
 7.449765103  7  7  1  H
 8.212742853  7  7  2  H
 8.242749640  7  7  3  H
 8.242751414  7  7  0  H
 8.282379565  7  7  1  H
 9.132721164  7  7  2  H
 9.182749499  7  7  3  H
 9.182751494  7  7  0  H
 9.199040517  7  7  1  H
 10.275166144  7  7  2  H
 10.310138338  7  7  3  H
 10.310140222  7  7  0  H
 10.345139951  7  7  1  H
 11.402718296  7  7  2  H
 11.448616873  7  7  3  H
 11.448618625  7  7  0  H
 11.463280518  7  7  1  H
 12.401490637  7  7  2  H
 12.446880338  7  7  3  H
 12.446881759  7  7  0  H
 12.458075615  7  7  1  H
 13.415958898  7  7  2  H
 13.434204906  7  7  3  H
 13.434206174  7  7  0  H
 13.479978468  7  7  1  H
 14.252737569  7  7  2  H
 14.292124232  7  7  3  H
 14.292125985  7  7  0  H
 14.325798765  7  7  1  H
 14.942530545  7  7  2  H
 14.981437937  7  7  3  H
 14.981440009  7  7  0  H
 15.013787741  7  7  1  H
 15.352278291  7  7  2  H
 15.397863830  7  7  3  H
 15.397865483  7  7  0  H
 15.446529446  7  7  1  H
 15.752599162  7  7  2  H
 15.776342495  7  7  3  H
 15.776344578  7  7  0  H
 15.811676919  7  7  1  H
 16.043163589  7  7  2  H
 16.055953356  7  7  3  H
 16.055955285  7  7  0  H
 0.015381564  17  17  0  R
 0.033064368  17  17  1  R
 0.132758801  17  17  2  R
 0.162781840  17  17  3  R
 0.162783846  17  17  0  R
 0.179093620  17  17  1  R
 1.201853067  17  17  2  R
 1.228432537  17  17  3  R
 1.228434951  17  17  0  R
 1.273127259  17  17  1  R
 2.152731137  17  17  2  R
 2.174788484  17  17  3  R
 2.174790435  17  17  0  R
 2.193477126  17  17  1  R
 3.072729487  17  17  2  R
 3.097243965  17  17  3  R
 3.097246191  17  17  0  R
 3.146478222  17  17  1  R
 4.092727882  17  17  2  R
 4.118091804  17  17  3  R
 4.118092586  17  17  0  R
 4.155201044  17  17  1  R
 5.084920105  17  17  2  R
 5.110012328  17  17  3  R
 5.110013232  17  17  0  R
 5.131060463  17  17  1  R
 6.032704530  17  17  2  R
 6.052632159  17  17  3  R
 6.052634154  17  17  0  R
 6.068543136  17  17  1  R
 7.053000180  17  17  2  R
 7.069434701  17  17  3  R
 7.069436674  17  17  0  R
 7.095049588  17  17  1  R
 7.922718765  17  17  2  R
 7.934790823  17  17  3  R
 7.934792487  17  17  0  R
 7.947857414  17  17  1  R
 8.792722988  17  17  2  R
 8.829432440  17  17  3  R
 8.829436617  17  17  0  R
 8.862538937  17  17  1  R
 9.882724215  17  17  2  R
 9.897128822  17  17  3  R
 9.897131301  17  17  0  R
 9.941772139  17  17  1  R
 10.982728705  17  17  2  R
 11.005213789  17  17  3  R
 11.005215586  17  17  0  R
 11.052300637  17  17  1  R
 12.092724263  17  17  2  R
 12.135457293  17  17  3  R
 12.135458770  17  17  0  R
 12.158962905  17  17  1  R
 13.042743862  17  17  2  R
 13.064162363  17  17  3  R
 13.064164413  17  17  0  R
 13.107740828  17  17  1  R
 13.842687617  17  17  2  R
 13.876459391  17  17  3  R
 13.876461264  17  17  0  R
 13.921831514  17  17  1  R
 14.658649656  17  17  2  R
 14.688034867  17  17  3  R
 14.688036730  17  17  0  R
 14.721862597  17  17  1  R
 15.208802711  17  17  2  R
 15.230037421  17  17  3  R
 15.230039327  17  17  0  R
 15.272412179  17  17  1  R
 15.547221983  17  17  2  R
 15.592621121  17  17  3  R
 15.592623127  17  17  0  R
 15.616301464  17  17  1  R
 15.814303484  17  17  2  R
 15.845472676  17  17  3  R
 15.845474980  17  17  0  R
 15.895658814  17  17  1  R
 16.121732621  17  17  2  R
 16.142311450  17  17  3  R
 16.142313775  17  17  0  R
 16.159396911  17  17  1  R
 16.336830562  17  17  2  R
 16.385286700  17  17  3  R
 16.385288982  17  17  0  R
 0.013917559  10  10  0  K
 0.046249594  10  10  1  K
 0.432759107  10  10  2  K
 0.467486227  10  10  3  K
 0.467488850  10  10  0  K
 0.482929731  10  10  1  K
 1.432746811  10  10  2  K
 1.452747399  10  10  3  K
 1.452749229  10  10  0  K
 1.472743049  10  10  1  K
 2.428428097  10  10  2  K
 2.459684503  10  10  3  K
 2.459686729  10  10  0  K
 2.502481211  10  10  1  K
 3.382737972  10  10  2  K
 3.432584835  10  10  3  K
 3.432586334  10  10  0  K
 3.452731145  10  10  1  K
 4.424423373  10  10  2  K
 4.457023478  10  10  3  K
 4.457025363  10  10  0  K
 4.475545081  10  10  1  K
 5.332723644  10  10  2  K
 5.362882876  10  10  3  K
 5.362884783  10  10  0  K
 5.390892007  10  10  1  K
 6.342839464  10  10  2  K
 6.355897053  10  10  3  K
 6.355899048  10  10  0  K
 6.383454631  10  10  1  K
 7.312751603  10  10  2  K
 7.330273780  10  10  3  K
 7.330275687  10  10  0  K
 7.355086314  10  10  1  K
 8.132747756  10  10  2  K
 8.162814729  10  10  3  K
 8.162816448  10  10  0  K
 8.190259595  10  10  1  K
 9.042739583  10  10  2  K
 9.090035806  10  10  3  K
 9.090037702  10  10  0  K
 9.121844931  10  10  1  K
 10.203304903  10  10  2  K
 10.223373928  10  10  3  K
 10.223375791  10  10  0  K
 10.249877438  10  10  1  K
 11.332036999  10  10  2  K
 11.372320372  10  10  3  K
 11.372322080  10  10  0  K
 11.395202950  10  10  1  K
 12.342752857  10  10  2  K
 12.367780539  10  10  3  K
 12.367782093  10  10  0  K
 12.382798153  10  10  1  K
 13.342727149  10  10  2  K
 13.391853580  10  10  3  K
 13.391856258  10  10  0  K
 13.428860022  10  10  1  K
 14.143295905  10  10  2  K
 14.184789042  10  10  3  K
 14.184790893  10  10  0  K
 14.232742743  10  10  1  K
 14.910636125  10  10  2  K
 14.923279382  10  10  3  K
 14.923280914  10  10  0  K
 14.938144942  10  10  1  K
 15.309006230  10  10  2  K
 15.352274849  10  10  3  K
 15.352276723  10  10  0  K
 15.400068744  10  10  1  K
 15.704981004  10  10  2  K
 15.752595753  10  10  3  K
 15.752597516  10  10  0  K
 15.766770671  10  10  1  K
 15.993758635  10  10  2  K
 16.043156554  10  10  3  K
 16.043162031  10  10  0  K
 16.091908526  10  10  1  K
 16.221264219  10  10  2  K
 16.274754654  10  10  3  K
 16.274756704  10  10  0  K
 16.324914393  10  10  1  K
 16.467150860  10  10  2  K
 16.508296019  10  10  3  K
 16.508297782  10  10  0  K
 16.540165901  10  10  1  K
 16.612276694  10  10  2  K
 16.636691325  10  10  3  K
 16.636693187  10  10  0  K
 0.011429208  0  0  0  A
 0.033093158  0  0  1  A
 0.162786971  0  0  2  A
 0.192111850  0  0  3  A
 0.192114550  0  0  0  A
 0.219533252  0  0  1  A
 1.228437684  0  0  2  A
 1.242222418  0  0  3  A
 1.242224832  0  0  0  A
 1.284289786  0  0  1  A
 2.182726143  0  0  2  A
 2.212760220  0  0  3  A
 2.212762016  0  0  0  A
 2.260060997  0  0  1  A
 3.097248034  0  0  2  A
 3.131677761  0  0  3  A
 3.131679370  0  0  0  A
 3.168047613  0  0  1  A
 4.152727901  0  0  2  A
 4.174381155  0  0  3  A
 4.174383348  0  0  0  A
 4.222720294  0  0  1  A
 5.110014409  0  0  2  A
 5.142791511  0  0  3  A
 5.142793549  0  0  0  A
 5.162309238  0  0  1  A
 6.052728992  0  0  2  A
 6.069635208  0  0  3  A
 6.069635649  0  0  0  A
 6.098638226  0  0  1  A
 7.082740901  0  0  2  A
 7.117691860  0  0  3  A
 7.117693414  0  0  0  A
 7.139507684  0  0  1  A
 7.942705665  0  0  2  A
 7.981828340  0  0  3  A
 7.981830401  0  0  0  A
 8.025412799  0  0  1  A
 8.829593624  0  0  2  A
 8.862793888  0  0  3  A
 8.862794506  0  0  0  A
 8.884325035  0  0  1  A
 9.912736964  0  0  2  A
 9.939947672  0  0  3  A
 9.939949479  0  0  0  A
 9.975374414  0  0  1  A
 11.005648394  0  0  2  A
 11.049523635  0  0  3  A
 11.049525596  0  0  0  A
 11.096074674  0  0  1  A
 12.135503196  0  0  2  A
 12.148196915  0  0  3  A
 12.148199042  0  0  0  A
 12.189640501  0  0  1  A
 13.086051338  0  0  2  A
 13.126913320  0  0  3  A
 13.126914830  0  0  0  A
 13.157485451  0  0  1  A
 13.876477035  0  0  2  A
 13.920782415  0  0  3  A
 13.920784123  0  0  0  A
 13.970140481  0  0  1  A
 14.688051939  0  0  2  A
 14.726322824  0  0  3  A
 14.726325150  0  0  0  A
 14.778654141  0  0  1  A
 15.235558682  0  0  2  A
 15.258348036  0  0  3  A
 15.258349964  0  0  0  A
 15.277677387  0  0  1  A
 15.599375589  0  0  2  A
 15.632896688  0  0  3  A
 15.632899443  0  0  0  A
 15.648917914  0  0  1  A
 15.851163047  0  0  2  A
 15.889995573  0  0  3  A
 15.889998538  0  0  0  A
 15.907215965  0  0  1  A
 16.144796539  0  0  2  A
 16.179749394  0  0  3  A
 16.179751698  0  0  0  A
 16.218829285  0  0  1  A
 16.385601638  0  0  2  A
 16.437482406  0  0  3  A
 16.437484610  0  0  0  A
 16.459102942  0  0  1  A
 16.548621682  0  0  2  A
 16.572798922  0  0  3  A
 16.572800873  0  0  0  A
 16.617562828  0  0  1  A
 16.714913332  0  0  2  A
 16.750900041  0  0  3  A
 16.750902223  0  0  0  A
 16.782868638  0  0  1  A
 16.846838405  0  0  2  A
 16.887657156  0  0  3  A
 16.887659525  0  0  0  A
 0.011964670  2  2  0  C
 0.044606456  2  2  1  C
 0.322195124  2  2  2  C
 0.371302615  2  2  3  C
 0.371305139  2  2  0  C
 0.406878955  2  2  1  C
 1.343356295  2  2  2  C
 1.395727773  2  2  3  C
 1.395730022  2  2  0  C
 1.417029356  2  2  1  C
 2.368858463  2  2  2  C
 2.410796483  2  2  3  C
 2.410798621  2  2  0  C
 2.453738720  2  2  1  C
 3.273188367  2  2  2  C
 3.297439277  2  2  3  C
 3.297462168  2  2  0  C
 3.337735886  2  2  1  C
 4.362963713  2  2  2  C
 4.393394106  2  2  3  C
 4.393396068  2  2  0  C
 4.414763764  2  2  1  C
 5.256649002  2  2  2  C
 5.286885653  2  2  3  C
 5.286887406  2  2  0  C
 5.327675018  2  2  1  C
 6.252206744  2  2  2  C
 6.285143921  2  2  3  C
 6.285145938  2  2  0  C
 6.297378674  2  2  1  C
 7.232264687  2  2  2  C
 7.262743787  2  2  3  C
 7.262745429  2  2  0  C
 7.291503736  2  2  1  C
 8.062963192  2  2  2  C
 8.074751251  2  2  3  C
 8.074752607  2  2  0  C
 8.117701044  2  2  1  C
 8.951336497  2  2  2  C
 8.994823232  2  2  3  C
 8.994824753  2  2  0  C
 9.011864816  2  2  1  C
 10.105526377  2  2  2  C
 10.139739498  2  2  3  C
 10.139741415  2  2  0  C
 10.176571452  2  2  1  C
 11.238304019  2  2  2  C
 11.274320762  2  2  3  C
 11.274322602  2  2  0  C
 11.314746478  2  2  1  C
 12.232729009  2  2  2  C
 12.273743714  2  2  3  C
 12.273745577  2  2  0  C
 12.292755267  2  2  1  C
 13.272805003  2  2  2  C
 13.314674610  2  2  3  C
 13.314676043  2  2  0  C
 13.342748282  2  2  1  C
 14.071069236  2  2  2  C
 14.100339091  2  2  3  C
 14.100340965  2  2  0  C
 14.125545275  2  2  1  C
 14.823187993  2  2  2  C
 14.871148075  2  2  3  C
 14.871150169  2  2  0  C
 14.889242863  2  2  1  C
 15.287234504  2  2  2  C
 15.309002924  2  2  3  C
 15.309004621  2  2  0  C
 15.323847092  2  2  1  C
 15.681005813  2  2  2  C
 15.704976542  2  2  3  C
 15.704978613  2  2  0  C
 15.754798639  2  2  1  C
 15.933407335  2  2  2  C
 15.984062116  2  2  3  C
 15.984064530  2  2  0  C
 16.005181288  2  2  1  C
 16.188454354  2  2  2  C
 16.216760199  2  2  3  C
 16.216762359  2  2  0  C
 16.267104858  2  2  1  C
 16.437486726  2  2  2  C
 16.467147613  2  2  3  C
 16.467149354  2  2  0  C
 16.521593432  2  2  1  C
 16.572801823  2  2  2  C
 16.612038379  2  2  3  C
 16.612042038  2  2  0  C
 16.644949417  2  2  1  C
 16.750903036  2  2  2  C
 16.783745054  2  2  3  C
 16.783745572  2  2  0  C
 16.814863494  2  2  1  C
 16.887661123  2  2  2  C
 16.904654295  2  2  3  C
 16.904656026  2  2  0  C
 0.014981026  15  15  0  P
 0.071921926  15  15  1  P
 0.732749476  15  15  2  P
 0.752141710  15  15  3  P
 0.752144201  15  15  0  P
 0.773105028  15  15  1  P
 1.759876199  15  15  2  P
 1.807795016  15  15  3  P
 1.807796757  15  15  0  P
 1.831461858  15  15  1  P
 2.702724002  15  15  2  P
 2.731186026  15  15  3  P
 2.731187844  15  15  0  P
 2.757341396  15  15  1  P
 3.672734888  15  15  2  P
 3.700488330  15  15  3  P
 3.700490072  15  15  0  P
 3.715851829  15  15  1  P
 4.692731339  15  15  2  P
 4.712701363  15  15  3  P
 4.712703038  15  15  0  P
 4.752446824  15  15  1  P
 5.582734944  15  15  2  P
 5.632856043  15  15  3  P
 5.632857630  15  15  0  P
 5.643803318  15  15  1  P
 6.652744621  15  15  2  P
 6.673072579  15  15  3  P
 6.673074408  15  15  0  P
 6.702746491  15  15  1  P
 7.592685310  15  15  2  P
 7.611795272  15  15  3  P
 7.611796991  15  15  0  P
 7.633521808  15  15  1  P
 8.364352491  15  15  2  P
 8.409998403  15  15  3  P
 8.410590656  15  15  0  P
 8.455121234  15  15  1  P
 9.392727202  15  15  2  P
 9.446050696  15  15  3  P
 9.446052459  15  15  0  P
 9.498323850  15  15  1  P
 10.602809062  15  15  2  P
 10.620014429  15  15  3  P
 10.620016766  15  15  0  P
 10.658392791  15  15  1  P
 11.613583760  15  15  2  P
 11.636176546  15  15  3  P
 11.636178343  15  15  0  P
 11.659647408  15  15  1  P
 12.587801771  15  15  2  P
 12.612728736  15  15  3  P
 12.612729464  15  15  0  P
 12.642528921  15  15  1  P
 13.546316119  15  15  2  P
 13.582498419  15  15  3  P
 13.582500149  15  15  0  P
 13.630442530  15  15  1  P
 14.397746870  15  15  2  P
 14.427053921  15  15  3  P
 14.427055905  15  15  0  P
 14.481268329  15  15  1  P
 15.068037639  15  15  2  P
 15.108683333  15  15  3  P
 15.108685724  15  15  0  P
 15.121340555  15  15  1  P
 15.432275124  15  15  2  P
 15.480133079  15  15  3  P
 15.480135757  15  15  0  P
 15.529958585  15  15  1  P
 15.796653175  15  15  2  P
 15.814301669  15  15  3  P
 15.814302606  15  15  0  P
 15.848124141  15  15  1  P
 16.082164919  15  15  2  P
 16.115038240  15  15  3  P
 16.115039827  15  15  0  P
 16.131411713  15  15  1  P
 16.306992651  15  15  2  P
 16.336828003  15  15  3  P
 16.336828851  15  15  0  P
 16.383426330  15  15  1  P
 16.532402823  15  15  2  P
 16.548617645  15  15  3  P
 16.548619827  15  15  0  P
 16.600201312  15  15  1  P
 16.683873272  15  15  2  P
 16.714910888  15  15  3  P
 16.714912872  15  15  0  P
 16.732516078  15  15  1  P
 16.822665192  15  15  2  P
 16.846835165  15  15  3  P
 16.846836818  15  15  0  P
 16.860836969  15  15  1  P
 16.935222157  15  15  2  P
 16.983113496  15  15  3  P
 16.983115657  15  15  0  P
 0.017494259  22  22  0  W
 0.067748733  22  22  1  W
 0.642261076  22  22  2  W
 0.687272419  22  22  3  W
 0.687275240  22  22  0  W
 0.729189951  22  22  1  W
 1.692728677  22  22  2  W
 1.722397130  22  22  3  W
 1.722397802  22  22  0  W
 1.759872620  22  22  1  W
 2.592697848  22  22  2  W
 2.634989685  22  22  3  W
 2.634991217  22  22  0  W
 2.667138424  22  22  1  W
 3.593646193  22  22  2  W
 3.615272070  22  22  3  W
 3.615273954  22  22  0  W
 3.665296416  22  22  1  W
 4.602728001  22  22  2  W
 4.634144725  22  22  3  W
 4.634146908  22  22  0  W
 4.652760859  22  22  1  W
 5.491339029  22  22  2  W
 5.519557352  22  22  3  W
 5.519559446  22  22  0  W
 5.556413700  22  22  1  W
 6.542750341  22  22  2  W
 6.580540822  22  22  3  W
 6.580542784  22  22  0  W
 6.605127895  22  22  1  W
 7.502705693  22  22  2  W
 7.542751638  22  22  3  W
 7.542753920  22  22  0  W
 7.575936370  22  22  1  W
 8.323042196  22  22  2  W
 8.352744711  22  22  3  W
 8.352746375  22  22  0  W
 8.393293722  22  22  1  W
 9.282738486  22  22  2  W
 9.314631901  22  22  3  W
 9.314633543  22  22  0  W
 9.342995547  22  22  1  W
 10.442782294  22  22  2  W
 10.484338723  22  22  3  W
 10.484340586  22  22  0  W
 10.501159698  22  22  1  W
 11.500709297  22  22  2  W
 11.533244367  22  22  3  W
 11.533246307  22  22  0  W
 11.556491520  22  22  1  W
 12.542725818  22  22  2  W
 12.553256824  22  22  3  W
 12.553258896  22  22  0  W
 12.596671655  22  22  1  W
 13.489109014  22  22  2  W
 13.530300156  22  22  3  W
 13.530302029  22  22  0  W
 13.550078673  22  22  1  W
 14.362602488  22  22  2  W
 14.380318380  22  22  3  W
 14.380320882  22  22  0  W
 14.416782472  22  22  1  W
 15.022416259  22  22  2  W
 15.068030851  22  22  3  W
 15.068036174  22  22  0  W
 15.092334461  22  22  1  W
 15.410055109  22  22  2  W
 15.432271785  22  22  3  W
 15.432273515  22  22  0  W
 15.462397607  22  22  1  W
 15.776347383  22  22  2  W
 15.796649513  22  22  3  W
 15.796651762  22  22  0  W
 15.823476834  22  22  1  W
 16.056468264  22  22  2  W
 16.079968258  22  22  3  W
 16.079970209  22  22  0  W
 16.125097839  22  22  1  W
 16.274762262  22  22  2  W
 16.305362886  22  22  3  W
 16.305365024  22  22  0  W
 16.335584926  22  22  1  W
 16.508298650  22  22  2  W
 16.532388076  22  22  3  W
 16.532390170  22  22  0  W
 16.557831309  22  22  1  W
 16.636695334  22  22  2  W
 16.683833486  22  22  3  W
 16.683836076  22  22  0  W
 16.720466822  22  22  1  W
 16.783747068  22  22  2  W
 16.822661059  22  22  3  W
 16.822663858  22  22  0  W
 16.843700105  22  22  1  W
 16.904710260  22  22  2  W
 16.935218622  22  22  3  W
 16.935220341  22  22  0  W
 16.961069585  22  22  1  W
 16.983117114  22  22  2  W
 16.998083196  22  22  3  W
 16.998084221  22  22  0  W
-1  25  25  4 LOCAL_SECTION;ENTRY_PROTOCOL;CRITICAL_SECTION;EXIT_PROTOCOL;MAX_TICKET= 431;
