0.000034665 1 1 0 B
0.025305609 1 1 1 B
0.025319404 1 1 2 B
0.072838279 1 1 3 B
0.072838609 1 1 0 B
0.090118211 1 1 1 B
0.121402846 1 1 2 B
0.167006963 1 1 3 B
0.167007114 1 1 0 B
0.197449061 1 1 1 B
0.197449281 1 1 2 B
0.238154100 1 1 3 B
0.238154311 1 1 0 B
0.288004656 1 1 1 B
0.322318817 1 1 2 B
0.335643174 1 1 3 B
0.335643514 1 1 0 B
0.363634079 1 1 1 B
0.363634289 1 1 2 B
0.387988539 1 1 3 B
0.387988840 1 1 0 B
0.399770912 1 1 1 B
0.433281060 1 1 2 B
0.460178586 1 1 3 B
0.460178957 1 1 0 B
0.499185952 1 1 1 B
0.522558579 1 1 2 B
0.570249805 1 1 3 B
0.570250126 1 1 0 B
0.588568457 1 1 1 B
0.619266369 1 1 2 B
0.630588157 1 1 3 B
0.630588467 1 1 0 B
0.668330082 1 1 1 B
0.677625497 1 1 2 B
0.722276024 1 1 3 B
0.722276385 1 1 0 B
0.752647722 1 1 1 B
0.762084689 1 1 2 B
0.782463937 1 1 3 B
0.782464227 1 1 0 B
0.829282530 1 1 1 B
0.832632812 1 1 2 B
0.870810930 1 1 3 B
0.870811130 1 1 0 B
0.916787347 1 1 1 B
0.916787657 1 1 2 B
0.933094755 1 1 3 B
0.933094935 1 1 0 B
0.967862728 1 1 1 B
0.990206114 1 1 2 B
1.027918465 1 1 3 B
1.027918826 1 1 0 B
1.044289168 1 1 1 B
1.063676095 1 1 2 B
1.108461843 1 1 3 B
1.108462043 1 1 0 B
1.141805191 1 1 1 B
1.159249038 1 1 2 B
1.188098368 1 1 3 B
1.188098569 1 1 0 B
1.221313859 1 1 1 B
1.235685471 1 1 2 B
1.259950277 1 1 3 B
1.259950487 1 1 0 B
1.273210262 1 1 1 B
1.273210492 1 1 2 B
1.286902021 1 1 3 B
1.286906539 1 1 0 B
1.306244467 1 1 1 B
1.336173552 1 1 2 B
1.367091425 1 1 3 B
1.367091565 1 1 0 B
1.380348988 1 1 1 B
1.394613120 1 1 2 B
1.432309441 1 1 3 B
1.432309681 1 1 0 B
0.000070010 0 0 0 A
0.034587798 0 0 1 A
0.072838968 0 0 2 A
0.121401553 0 0 3 A
0.121401794 0 0 0 A
0.156711711 0 0 1 A
0.167008275 0 0 2 A
0.196255053 0 0 3 A
0.196255274 0 0 0 A
0.234884517 0 0 1 A
0.238155052 0 0 2 A
0.256399347 0 0 3 A
0.256399547 0 0 0 A
0.277703935 0 0 1 A
0.277704145 0 0 2 A
0.322317153 0 0 3 A
0.322317354 0 0 0 A
0.348153196 0 0 1 A
0.348153376 0 0 2 A
0.362455049 0 0 3 A
0.362455279 0 0 0 A
0.392330663 0 0 1 A
0.392330873 0 0 2 A
0.433278243 0 0 3 A
0.433278474 0 0 0 A
0.454671388 0 0 1 A
0.460180179 0 0 2 A
0.473430537 0 0 3 A
0.473430848 0 0 0 A
0.494767895 0 0 1 A
0.494768216 0 0 2 A
0.522557038 0 0 3 A
0.522557528 0 0 0 A
0.534910270 0 0 1 A
0.570251307 0 0 2 A
0.619264887 0 0 3 A
0.619265177 0 0 0 A
0.655036755 0 0 1 A
0.655037016 0 0 2 A
0.677624454 0 0 3 A
0.677624695 0 0 0 A
0.688968422 0 0 1 A
0.722326037 0 0 2 A
0.762082493 0 0 3 A
0.762083134 0 0 0 A
0.797864449 0 0 1 A
0.797864659 0 0 2 A
0.832631259 0 0 3 A
0.832631550 0 0 0 A
0.874057429 0 0 1 A
0.874057709 0 0 2 A
0.912422773 0 0 3 A
0.912423093 0 0 0 A
0.949457494 0 0 1 A
0.949457925 0 0 2 A
0.990205502 0 0 3 A
0.990205642 0 0 0 A
1.014562060 0 0 1 A
1.027920140 0 0 2 A
1.063674492 0 0 3 A
1.063674872 0 0 0 A
1.084101110 0 0 1 A
1.108463126 0 0 2 A
1.159247766 0 0 3 A
1.159247966 0 0 0 A
1.186660969 0 0 1 A
1.188107747 0 0 2 A
1.235678717 0 0 3 A
1.235683957 0 0 0 A
1.284667232 0 0 1 A
1.286906721 0 0 2 A
1.336172730 0 0 3 A
1.336173030 0 0 0 A
1.362816965 0 0 1 A
1.367091844 0 0 2 A
1.394612477 0 0 3 A
1.394612597 0 0 0 A
1.422941923 0 0 1 A
1.432310423 0 0 2 A
1.444539445 0 0 3 A
1.444539656 0 0 0 A
1.481882559 0 0 1 A
1.481882980 0 0 2 A
1.527249078 0 0 3 A
1.527249449 0 0 0 A
1.549541131 0 0 1 A
1.549541291 0 0 2 A
1.579841576 0 0 3 A
1.579841706 0 0 0 A
-1 2 2 4 Local_Section;Entry_Protocol;Critical_Section;Exit_Protocol;
